1000
3
4
5
6
7
8
9
10
11
12
13
14
15
16
17
18
19
20
21
22
23
24
25
26
27
28
29
30
31
32
33
34
35
36
37
38
39
40
41
42
43
44
45
46
47
48
49
50
51
52
53
54
55
56
57
58
59
60
61
62
63
64
65
66
67
68
69
70
71
72
73
74
75
76
77
78
79
80
81
82
83
84
85
86
87
88
89
90
91
92
93
94
95
96
97
98
99
100
101
102
103
104
105
106
107
108
109
110
111
112
113
114
115
116
117
118
119
120
121
122
123
124
125
126
127
128
129
130
131
132
133
134
135
136
137
138
139
140
141
142
143
144
145
146
147
148
149
150
151
152
153
154
155
156
157
158
159
160
161
162
163
164
165
166
167
168
169
170
171
172
173
174
175
176
177
178
179
180
181
182
183
184
185
186
187
188
189
190
191
192
193
194
195
196
197
198
199
200
201
202
203
204
205
206
207
208
209
210
211
212
213
214
215
216
217
218
219
220
221
222
223
224
225
226
227
228
229
230
231
232
233
234
235
236
237
238
239
240
241
242
243
244
245
246
247
248
249
250
251
252
253
254
255
256
257
258
259
260
261
262
263
264
265
266
267
268
269
270
271
272
273
274
275
276
277
278
279
280
281
282
283
284
285
286
287
288
289
290
291
292
293
294
295
296
297
298
299
300
301
302
303
304
305
306
307
308
309
310
311
312
313
314
315
316
317
318
319
320
321
322
323
324
325
326
327
328
329
330
331
332
333
334
335
45292943
1312033
85746625
68047330
61341589
28667135
84116286
26646734
3014147
64775771
43935011
63675263
65029892
64720842
74168533
74018633
13260223
63144779
49862390
343335
87454073
51246371
30946036
17599712
56858330
88290002
73974050
47851703
40204668
79680335
45138668
24843393
58633294
69725160
12954246
40561012
57390232
37744517
61450213
4325565
2976168
31082741
17710185
81888250
56005365
406374
27975662
53149818
8461004
59194455
14175021
72406771
15859782
33429327
48111884
26249255
31336958
69084396
36227456
20590778
26137393
85750157
41172809
21605235
62548142
30387843
83797253
14458132
51159351
36844037
66421684
39359108
36925113
41832038
26023867
24290895
88285992
6897862
45712940
65350655
76741468
75069073
36611893
13018029
20925406
40419601
17019956
82485282
80697376
8626185
68296737
87436261
64688763
77406848
60769464
59710210
73381596
42771525
43398771
50628102
36863713
24903884
21979279
6926708
70140120
7344581
31320654
11805006
47804380
13972461
61880738
68373948
28819750
84350855
49051165
40108717
61747729
29003101
72583097
5290467
48306362
40386653
39415577
70829558
57111244
29560939
12051405
87386560
79014475
79142617
73401338
45097252
29875711
23839812
65175704
46428422
51777473
57390068
69909994
50313124
35464930
13553173
6223394
56656694
10054016
21771634
18218469
36062935
54785647
48436393
73878952
69664773
13304996
62162486
65527168
43333306
3617896
34273036
40195972
79342422
71466326
64244277
58836565
30990412
52573131
82187717
28958333
68388886
52118762
26599277
48405792
27748482
16975479
63261298
39983611
36069949
79568479
4028995
77121170
49795547
58599666
7531460
52944481
55982126
34948573
55737742
33469993
54917096
85007131
66298635
29360068
23184549
80900630
34316698
16491298
53042244
59456515
45405854
11913085
57732845
88986923
76337871
11453612
58321354
1173887
69516078
44671846
73532193
25689829
41529750
4955314
27044141
7762076
12730386
19507804
42210931
46087479
6717378
83490906
85607785
87049169
84195279
69751695
26956109
80030143
20954618
69045762
37556011
65849162
15326911
71977359
20990323
46472741
24820051
12597372
19351227
71262223
46375818
2418
71452284
16564373
27864091
24357690
33820070
61776453
57126222
75854757
87816743
86807479
53735539
58909641
86982923
84419707
52237371
22229540
68685207
994938
61131802
87305095
27748065
47936696
87753120
4566417
6252046
36501851
19878503
52444902
74949626
83587956
82080017
15021996
21255842
85251683
55303582
48662370
62260868
26192973
46962802
28204397
8816120
45268987
72661634
45421627
7165380
51868059
81795236
20444131
87107690
5880058
83096839
68535971
34972985
88939451
60140854
11680422
58722593
17851407
85892084
21477205
12882490
80333271
82961407
74292283
57489002
78974039
18414086
36484020
78182093
76198501
21393740
79182048
28712383
72378212
59431316
73347199
36989407
59445086
50845181
3582550
84466624
19270637
34643838
20324243
8581985
24323032
15079110
61058654
9204838
13198757
60467701
64403509
86303971
38383970
65756797
11864017
16972796
8344216
62141275
69869505
89860865
38422624
18697853
9014505
62898302
45068453
15432698
11859463
44574756
75815803
74520752
26266104
89100192
26592873
42342304
55867345
137689
89757332
24156027
4054342
70059110
7436994
70642586
17268328
83766713
72960346
59589562
6216729
15317194
11070541
33350016
20314839
46533647
88316189
54630378
89393514
59320966
61444741
80606752
81251649
71144614
10495254
32441167
48581569
53242231
80785649
88403669
581113
78159750
34293396
4443084
64079234
54586416
63717091
47681459
81735370
5165870
50474566
26540663
49989266
42895730
48047394
62030684
13073682
17051746
57839308
53147647
12681216
61260284
2138536
89337902
10949567
88867033
23728425
53330641
24661851
86788175
54476940
41037152
61522812
18229808
14232455
85723270
34214229
4766054
69146172
35910866
43998724
28443159
72856577
35152838
85718944
4597965
40893064
83386206
41359594
35913278
41508340
48584582
59234161
34984195
30869655
84074697
52812415
84491211
15344725
1452534
67182662
28340847
33261271
16593203
85320300
9421195
48249493
28677936
48309333
47585247
5391417
69269823
5498920
39882004
21626365
52667803
5876669
38668533
58105117
61406273
44287740
64769503
24633596
14322322
25529122
18086615
25825424
44171351
29310135
13635947
82722316
83499527
26625608
23175099
77568724
32936928
88669842
49974437
3502391
60083452
6753859
45910370
4635762
23115696
47988520
36156288
17572248
71667091
74349761
26951508
20843034
86460368
76506832
83411830
88349634
52102695
69037052
50754715
16628048
57740155
28544781
66423996
20738354
80483526
77756836
43492369
34452536
55768765
87340020
84060908
47091326
18600269
13089870
22832246
43244062
51183019
9814944
82807333
11203061
39093155
54530469
60422027
20948739
66193183
59931098
42207119
41232644
89649077
80398451
14949356
84438620
38191511
50420709
9895657
9109232
76702147
21668520
9604532
86745099
33906666
16126868
45650205
44641287
17403462
56431642
61517575
7246449
78563984
37752979
23984822
78142336
41239371
32385909
64806294
28369135
19014817
16656588
23917000
15822032
60402653
38517338
49105986
48997258
78297449
42368743
80547693
66203271
56801437
61025408
47994192
30153367
4860490
15748232
14134372
14008596
56802986
20660197
43287972
61272088
40307406
12892185
15126929
31730305
53198680
34102543
39142485
29946125
57582682
76668197
80959559
31758759
44982939
42255734
41490923
29472527
12492549
42150625
21737274
76423268
24554529
54384398
72956422
83734393
32969552
51388751
81492915
45268358
67824614
31730662
62387969
32427682
41601262
69923432
68117111
89336362
83357010
8134530
67258490
43125496
80119443
16239528
53081523
75588986
38565741
22434628
75731608
22070359
46912732
26166518
58826934
81971810
87183671
85525642
9602822
32649726
49342277
21169134
40928258
83874381
76007185
58066236
32194503
24934954
65554857
73408153
3452397
88938719
69129816
32933187
79487474
40836134
82222824
49952464
11252229
38364044
20455362
58396356
65660786
35938032
66970152
4835843
