50
3
10
101
2
1011
4
1
36
I 8 38
F 10 10
I 1 9
I 24 41
S 0 4
F 27 40
I 5 24
E 37 41
I 40 40
E 28 30
E 40 41
F 40 41
S 30 32
I 26 28
S 40 41
I 36 36
F 13 36
S 22 41
I 23 37
E 28 40
E 22 25
I 24 33
S 2 16
S 23 27
F 28 37
E 23 23
I 7 36
I 29 29
E 37 39
S 1 30
E 5 5
F 16 35
I 21 22
S 26 29
E 29 34
S 27 33
7
5
1011
16
010100
13
00
15
1000
13
100
20
00
6
0001
29
I 98 230
S 24 228
F 264 293
I 134 281
I 286 297
F 261 289
S 79 185
I 158 213
S 281 290
E 266 286
E 102 105
E 190 276
I 179 263
E 20 288
F 171 206
S 95 149
S 136 146
E 281 287
S 71 277
I 217 249
F 61 262
S 289 304
S 25 175
F 53 144
S 58 301
F 223 283
F 109 274
E 174 283
I 107 165
2
5
0
4
00011101
12
I 15 18
I 1 18
S 0 5
I 32 33
F 25 26
E 18 22
I 28 31
S 17 24
I 31 34
E 11 29
E 2 32
I 21 27
4
8
11111
12
101111001
20
1111100
11
1100
33
I 170 170
E 64 192
I 237 274
S 163 201
E 25 328
F 301 318
I 28 261
S 220 279
E 238 286
S 160 234
F 145 168
S 217 258
I 154 296
I 299 303
E 217 312
F 283 284
E 169 173
E 201 314
S 252 303
F 189 235
F 261 278
S 239 274
E 261 280
S 63 241
E 203 327
F 106 246
I 136 161
E 66 93
F 10 322
E 197 311
E 67 227
E 183 241
I 287 305
9
7
1
19
000010
12
00110
5
101001
1
11
3
10110101
6
010
18
010010010
16
01000
2
S 230 459
E 349 457
7
5
110
13
11001
10
111
15
100011011
14
0110
18
000000
9
1
10
F 14 38
F 70 356
E 287 321
E 383 405
I 318 394
S 370 381
E 172 321
F 363 413
F 10 39
I 25 209
3
2
1100111
4
01000
18
1010010
40
I 123 153
E 18 42
E 77 106
F 44 133
F 101 152
E 36 122
I 92 156
E 58 61
I 44 77
F 113 140
S 52 92
S 104 148
F 123 154
I 130 156
I 149 156
I 69 79
F 58 75
I 132 140
I 84 132
I 146 158
S 152 159
F 105 149
S 95 158
I 6 158
S 95 154
F 147 151
I 47 158
F 99 132
S 68 138
F 53 99
E 115 141
S 0 68
E 53 147
E 88 142
S 84 130
E 120 138
S 80 106
S 4 50
E 140 151
E 34 141
10
14
0000101
18
01111
4
0110
8
010010001
10
1000
14
010111
17
000111
11
0010111
17
01
3
1111011001
44
I 565 604
S 122 352
S 79 311
F 149 290
S 471 547
S 353 542
E 253 363
F 498 543
F 91 452
E 31 627
E 153 300
E 204 442
I 364 605
F 403 562
F 307 582
S 377 591
I 170 471
F 510 620
I 411 496
F 40 324
I 424 510
E 75 583
E 2 562
F 562 572
I 296 462
I 176 566
I 125 561
I 462 504
E 263 326
F 556 642
F 533 614
F 214 573
I 192 487
S 548 558
E 381 518
E 469 619
I 428 541
E 67 295
I 341 379
E 298 420
S 90 290
S 410 544
F 290 473
S 151 407
2
13
1
1
00101
27
I 16 16
I 2 7
S 17 17
S 15 15
I 3 14
E 7 9
F 2 17
I 12 13
I 13 16
S 14 15
I 6 12
S 4 15
F 1 17
E 6 7
F 1 10
E 1 6
I 10 10
F 16 16
E 9 10
F 12 16
E 11 17
F 2 10
F 13 15
S 10 12
F 10 12
E 9 15
F 15 17
8
12
100110000
19
0
16
0
1
011111
17
111
12
0011
18
0011
18
01110111
15
F 209 281
F 428 449
F 31 310
S 33 199
I 157 167
E 54 450
F 108 143
I 218 406
E 76 329
S 281 307
S 39 71
E 164 385
F 26 341
E 2 173
S 419 432
5
9
00010
1
1011001
1
1000010
2
11001
16
01011111
15
S 160 183
I 46 187
I 151 194
F 151 160
E 104 172
I 106 189
E 180 190
S 26 153
E 44 46
E 25 167
I 173 173
S 0 2
I 135 183
E 37 179
S 128 179
6
12
1000101010
1
000
13
010110000
13
1001110110
15
0101
16
0101
43
S 134 218
E 12 491
I 214 261
E 345 444
I 56 441
F 455 484
S 94 255
F 439 444
S 452 488
F 488 488
E 52 145
E 311 377
S 422 440
I 156 194
S 96 340
S 237 456
F 278 344
S 274 345
S 484 487
I 90 272
I 222 332
S 260 318
I 382 417
E 472 479
I 273 406
I 222 444
I 458 470
F 154 266
F 378 399
I 35 196
I 289 388
E 66 183
I 306 451
F 286 399
E 20 76
I 124 413
E 101 217
I 140 424
S 3 410
S 344 454
I 438 465
E 143 322
E 141 227
1
4
011110101
18
I 21 22
E 11 17
I 31 35
E 28 35
F 28 29
F 4 26
F 31 31
I 2 34
E 32 34
E 10 24
E 30 32
E 12 34
F 15 31
F 28 30
I 25 28
S 16 21
F 14 19
E 17 35
4
16
101010
15
1000110
17
10010111
4
1010
7
S 94 156
F 91 171
S 125 211
I 83 294
E 80 230
F 64 168
F 190 221
7
1
101
12
001111
10
111
2
0
6
1011
12
1001
14
0101100
23
S 77 131
E 259 260
S 170 236
I 164 267
E 69 246
I 2 270
S 4 87
F 55 87
E 75 90
S 214 218
I 111 121
E 143 187
F 127 145
F 141 236
F 252 274
E 52 97
I 145 258
F 257 265
E 262 272
E 255 256
S 224 255
F 147 194
S 37 101
8
1
1000000001
13
001
18
010010
12
01000
16
1
4
110
13
1010
1
0101100
21
S 257 296
E 201 264
S 293 294
E 22 274
I 132 157
S 161 268
S 0 211
S 34 261
F 183 210
S 68 84
I 216 281
I 272 289
F 270 303
S 292 295
S 129 227
F 277 297
I 180 265
E 34 190
I 105 219
S 66 132
F 107 277
4
19
101011100
3
110
4
00101010
4
001100
42
E 131 194
F 146 221
F 9 80
I 224 234
S 176 185
I 97 170
I 113 143
F 88 111
S 25 30
E 129 177
F 222 225
E 124 195
E 183 194
E 185 215
F 56 212
S 132 185
E 195 219
F 46 50
F 183 210
I 181 228
I 193 194
E 116 184
E 142 229
E 4 183
F 125 232
I 186 235
E 119 187
F 66 198
I 132 157
F 140 179
E 48 82
S 203 231
S 85 227
F 55 122
I 179 209
I 8 96
I 53 159
E 5 89
F 143 216
S 97 146
I 101 130
I 99 186
7
11
11110
18
1110001
19
10
5
110101000
13
000000110
19
10001001
4
0
40
E 480 520
E 192 480
E 135 447
I 295 471
E 339 475
S 411 492
S 86 131
S 89 265
S 325 399
F 232 481
S 95 482
E 274 382
S 336 484
F 523 530
E 246 480
S 299 529
F 388 515
S 36 316
S 487 515
F 129 420
I 136 277
E 288 400
E 226 234
S 309 387
I 335 444
I 7 48
I 510 514
S 34 70
S 426 468
S 331 438
E 66 80
F 312 321
F 365 456
F 261 456
I 511 524
E 427 498
F 55 352
E 163 187
I 532 532
S 392 532
3
12
10
3
110001001
8
0111110000
22
I 26 59
F 40 101
E 57 105
S 76 97
F 61 98
I 113 122
E 114 125
F 57 113
F 6 47
I 75 125
I 22 58
F 104 116
S 68 115
S 49 67
E 114 115
E 51 85
S 26 68
E 124 125
S 10 51
F 23 26
S 109 122
I 104 126
3
11
1
7
01110
5
101000
39
F 33 62
I 35 46
S 71 75
I 44 57
F 32 36
S 27 62
F 72 73
S 52 75
E 22 54
E 5 66
S 67 75
I 16 38
E 31 35
F 19 40
I 39 67
S 60 70
F 53 62
S 21 45
S 68 72
I 41 65
F 75 75
E 40 65
S 6 58
E 36 39
I 69 72
I 53 68
S 42 63
F 34 49
E 60 74
F 39 63
I 3 30
S 65 66
I 19 70
S 1 11
S 65 73
F 14 47
S 24 52
E 55 60
E 22 44
6
4
11
8
010010
20
1100
7
1
5
010010111
6
00
28
F 174 176
F 119 190
S 21 113
F 56 172
S 86 129
F 32 194
S 22 79
I 157 181
S 194 195
S 164 174
E 134 197
F 109 156
S 57 152
E 22 128
E 8 94
F 84 194
I 186 197
S 141 188
E 0 165
I 81 86
S 14 82
I 19 182
S 145 199
E 51 82
I 149 187
E 108 119
E 34 62
E 41 173
7
16
000000001
6
0
7
1
18
11001100
9
0010100
1
0
16
00111101
11
S 275 473
F 477 487
F 162 183
I 38 258
E 240 437
S 329 453
S 401 449
F 13 379
E 415 478
E 385 422
F 36 179
3
19
1
13
1101101
20
11110
17
E 158 162
E 163 209
S 174 181
S 85 181
I 16 105
F 187 194
I 178 206
S 17 112
F 104 107
I 197 207
S 60 64
S 18 180
S 102 136
E 37 43
E 97 182
E 39 51
I 41 102
7
20
011000
11
10011
11
000
6
0
4
010111
10
11
20
1001010011
29
S 382 423
F 326 347
S 128 302
E 416 427
E 288 446
E 335 368
S 445 451
E 136 329
I 12 321
F 125 304
I 393 433
I 138 349
I 450 452
S 228 256
I 322 339
S 251 352
F 269 379
I 20 87
E 239 357
E 231 362
E 428 435
S 188 290
S 110 340
I 98 321
S 24 339
F 142 185
S 411 422
E 234 451
F 334 433
4
20
1
18
010100110
3
0
1
10101100
8
F 187 191
I 112 176
F 24 38
F 109 178
S 169 172
E 90 176
F 82 184
I 136 136
6
18
1
14
1
16
1000011
13
101110
8
1111
3
1010
15
I 27 79
S 243 258
F 33 110
S 171 192
F 153 168
E 17 224
E 157 215
F 208 260
S 108 159
E 57 226
S 210 248
S 95 112
I 184 249
S 186 256
S 31 218
5
16
000101001
8
000010
16
1101101100
11
0
4
01011000
40
F 294 338
F 173 287
F 60 316
E 51 56
I 118 244
I 26 201
I 345 348
I 243 367
I 364 371
F 120 276
S 179 185
F 210 264
I 290 320
I 244 350
E 38 76
E 188 337
S 162 270
F 95 135
F 33 381
F 277 311
S 327 329
E 298 323
F 83 156
F 265 363
E 114 202
F 152 266
I 255 358
E 287 331
E 309 352
S 208 354
F 194 245
S 242 264
E 109 168
E 245 392
I 189 362
F 55 390
F 63 110
S 36 52
S 119 150
S 291 351
1
7
11000001
26
I 16 53
E 54 55
I 8 30
S 38 46
I 11 47
S 28 53
S 32 52
F 42 51
S 18 31
E 16 23
E 45 55
E 34 54
F 29 35
F 16 50
I 3 39
S 45 49
F 24 33
I 16 31
S 16 33
E 1 37
S 10 23
I 33 48
S 20 44
I 39 47
S 36 50
F 42 51
9
3
1
13
11011
7
111
4
110
8
1111001110
20
100
13
000001
1
10010001
11
01111
20
F 57 262
F 78 130
F 363 373
F 177 200
I 50 364
S 263 284
E 297 347
S 282 309
E 141 292
F 324 360
E 243 284
I 226 229
F 108 291
F 40 57
E 42 120
S 332 367
F 230 359
F 349 374
F 227 338
F 350 373
1
3
1101001001
43
E 2 27
E 5 19
E 29 29
S 15 24
S 9 20
E 5 9
E 6 27
S 25 27
F 8 25
S 10 18
S 19 25
E 8 13
S 7 22
F 10 21
F 9 17
I 3 6
E 18 27
E 12 19
S 29 29
I 4 18
E 27 29
I 29 29
I 10 13
S 15 18
S 25 28
S 4 15
E 22 25
E 19 26
F 29 29
E 0 7
F 18 22
I 2 13
E 15 23
S 0 1
E 19 20
I 23 29
F 22 29
F 17 21
S 10 28
E 18 25
E 6 25
F 19 22
F 22 25
10
5
00
6
100101
11
0
16
0100101
2
0
6
0010
1
0110
16
00010
10
1011111001
15
0
26
I 38 343
F 207 259
S 375 383
E 264 376
I 253 384
F 311 362
F 236 254
S 184 390
F 143 279
F 263 305
S 86 270
E 371 389
I 152 310
S 279 354
F 7 152
I 173 372
I 381 382
F 285 293
E 243 389
F 84 113
S 14 179
F 358 386
E 293 379
S 307 391
I 206 268
I 82 99
9
11
011110110
15
000110
2
1000
20
1
3
1
3
100
3
00110
18
0100011
17
101101111
30
F 9 352
E 65 68
F 50 512
S 254 312
I 50 365
F 273 310
E 129 408
E 308 425
I 353 394
E 496 503
E 346 476
F 228 343
I 429 437
F 194 490
S 293 316
F 350 492
S 438 453
E 452 500
S 174 366
E 248 428
I 150 285
F 518 519
I 43 434
S 353 514
E 504 518
S 76 297
F 66 374
I 394 500
S 365 475
E 490 521
5
4
00011
4
0101010010
12
0101
15
01
3
111
33
I 41 68
F 75 113
E 65 106
F 133 140
I 3 63
S 40 93
I 58 67
F 29 82
S 127 146
E 122 124
S 47 121
S 81 92
S 137 145
E 74 131
S 76 76
F 11 113
F 89 112
I 71 121
I 45 105
E 92 110
I 132 132
E 15 39
E 108 133
E 115 120
E 7 79
F 85 118
F 56 126
I 67 125
E 6 82
E 94 96
E 64 143
F 128 138
S 3 82
9
20
0110101010
1
011111000
3
0001101010
11
111101010
16
111110111
6
10000
2
0001010111
13
0001001100
18
010101011
6
I 656 796
S 650 654
S 379 735
S 373 693
F 356 553
S 606 709
2
4
1010111110
15
1111011001
15
E 57 140
E 186 187
I 28 121
I 119 123
S 111 175
F 2 144
F 56 182
I 87 120
F 84 185
F 16 30
I 22 140
S 33 176
I 5 12
S 122 156
I 135 175
1
11
011
25
F 25 27
S 2 8
S 20 20
E 5 20
I 17 27
F 27 29
I 13 21
S 4 5
E 12 13
I 26 31
E 5 9
I 1 23
I 13 29
F 25 25
I 19 23
S 32 32
I 32 32
S 12 27
F 8 17
I 9 23
F 10 32
I 14 20
E 30 30
S 2 22
I 22 22
7
12
1111101110
3
01
11
1011
19
00100110
11
1111011110
8
1100011
11
111111
47
E 89 166
E 26 404
I 480 488
S 404 490
S 189 314
S 261 492
E 174 203
E 386 489
E 213 411
E 182 441
F 273 499
I 66 290
E 128 300
S 50 291
S 457 463
F 355 379
E 85 253
F 147 406
F 69 118
I 200 311
I 169 211
S 114 342
F 344 455
I 316 351
F 416 487
I 262 509
E 153 297
F 427 529
S 452 512
F 88 319
S 326 399
E 125 274
F 465 507
S 529 532
E 303 381
E 57 235
F 273 530
F 93 500
E 466 526
F 283 476
F 29 194
E 165 320
E 44 175
E 391 392
S 72 279
I 216 530
E 63 90
9
8
001011101
5
1001010
13
1
13
0100
4
0
3
111101
18
101110
17
1001110011
14
001000
30
I 210 257
F 246 275
S 248 409
E 190 413
S 230 326
S 509 511
F 119 278
F 384 416
E 424 529
F 57 174
E 541 546
S 92 153
F 7 93
I 491 514
E 72 538
E 309 450
E 301 454
E 23 324
F 259 462
I 313 509
I 279 426
E 226 376
F 91 185
S 10 62
I 499 521
F 130 156
F 349 449
F 91 216
S 345 382
F 53 202
5
13
0010001010
15
01000101
4
1001111011
5
11110
9
10
19
F 167 320
E 310 328
S 222 289
E 248 326
I 322 332
I 190 205
E 77 117
I 61 182
F 73 137
F 152 329
S 109 169
E 9 308
S 58 200
S 120 202
F 30 254
F 124 289
E 306 321
I 170 311
F 93 219
8
19
1100100
10
00111101
16
00010111
9
100100001
17
001010
10
111101
4
0001000
16
1111101111
1
E 652 697
9
6
111
15
00111
4
010000011
1
0
17
1101000
9
1011011011
11
1001111111
8
10101011
8
001010110
13
E 348 468
S 406 427
S 580 584
E 452 518
I 470 553
S 225 277
S 441 517
S 439 571
E 353 478
I 259 384
F 507 540
E 410 496
S 563 566
2
20
0001
16
11011
19
F 127 137
S 76 95
F 151 153
F 14 89
F 45 110
F 34 114
S 114 141
S 71 110
F 112 130
E 131 146
S 24 50
I 7 13
I 59 77
I 146 149
I 92 104
I 94 132
S 32 116
E 145 149
S 130 130
2
16
10110
17
01
10
F 45 55
S 51 111
F 58 88
I 90 98
F 46 64
F 90 94
S 112 113
F 13 100
E 34 45
E 49 75
10
14
0
11
11111000
3
10
8
11111010
19
10
11
11101010
20
10111
19
1010
13
111011110
4
01011011
43
S 360 596
F 271 284
E 229 618
S 359 480
F 309 571
E 7 117
I 31 184
S 7 211
I 69 455
S 273 465
S 529 588
F 477 554
S 208 557
F 445 580
F 479 601
E 491 525
I 448 470
S 614 615
I 440 593
I 174 298
F 483 619
S 118 377
E 510 570
E 55 66
S 152 303
I 582 583
S 538 615
S 8 333
E 250 445
E 549 577
F 168 289
E 395 545
F 209 549
E 88 464
I 412 568
S 282 288
F 497 578
F 132 366
I 129 284
S 360 386
I 25 584
E 11 465
E 484 549
5
6
010011000
3
011100
2
0000100
5
0
12
11
34
S 50 86
F 114 114
I 31 38
F 7 21
I 59 79
E 39 108
S 52 105
E 0 96
E 17 79
E 0 71
S 62 89
I 27 72
E 74 89
S 13 109
F 88 89
F 106 108
I 10 66
F 5 98
S 72 101
E 45 102
E 40 49
E 18 98
F 55 112
I 43 100
I 92 114
S 107 113
I 72 94
E 85 88
S 17 86
E 113 113
I 1 107
E 36 113
I 92 95
I 23 93
4
122
10010
149
00111010110001101001111101100001110
182
100010011000101001010011011111101010
162
11001101011111011100100000111001
532
I 4433 14481
F 8450 10045
F 7389 13320
F 4581 5542
E 4625 9163
I 1763 16621
F 13362 13934
F 9812 16853
S 1479 14909
S 4883 13671
F 2593 16202
F 14731 14949
I 5214 6830
E 16359 17016
E 1989 10254
F 12248 15011
E 14483 14780
F 6249 11029
E 4114 16065
F 8737 11225
I 5376 12030
F 6900 12917
E 412 9910
F 3942 15500
I 6862 17306
F 4751 11797
F 6783 14714
I 8023 8331
E 15994 16150
I 8596 14895
F 9477 12904
S 11916 13134
E 16637 16914
I 15889 17360
I 10739 15720
E 9272 17537
E 7172 11512
E 16516 17171
E 2943 5646
S 2198 6003
I 773 6719
F 9139 14805
E 10792 11570
F 8188 16471
F 7672 11316
F 9902 14153
I 12780 13883
E 3344 10151
F 14849 16868
E 7327 17290
E 16143 17319
F 7329 14176
I 3597 11275
S 16352 17454
F 6391 12877
S 2604 8917
I 8941 10364
E 9412 15590
E 12742 15009
S 2499 7326
E 11394 14038
S 7033 17249
I 10084 16260
S 1161 3834
S 4809 10799
E 5102 10580
F 13809 17072
F 5457 11263
S 16695 17254
S 7913 17405
E 13314 15570
F 8747 14863
E 8972 15888
S 7499 7800
S 3118 6546
E 2435 4761
S 11099 16973
F 15707 16498
S 3943 13637
E 6957 16627
I 229 11802
I 1858 3510
F 14338 15078
S 3322 12367
S 8069 15227
S 10989 14762
E 5165 6795
S 3150 9914
I 3297 11098
F 14047 15498
I 14408 14700
F 5514 7962
I 2439 8817
E 14972 17356
E 11576 15851
I 227 1562
S 9730 14377
I 938 4458
S 5440 15331
E 4047 12726
F 11305 14941
S 1982 12524
E 15427 15610
E 5686 11393
E 5634 14421
F 5978 10296
S 2934 11243
F 11133 14454
E 15378 15498
S 16279 16839
I 10662 13903
S 6553 12708
I 17498 17520
I 13735 15920
F 11483 15946
S 1353 4444
F 11048 13343
S 16911 17353
F 4798 7307
F 9590 14731
F 15848 15916
I 4056 5261
I 231 9851
S 2822 9144
F 293 13538
F 2151 2935
I 2517 11133
S 8662 12576
F 16930 17304
I 6587 9113
S 13430 16935
I 10258 10829
S 3423 13887
S 9724 10296
S 520 13765
F 8300 9661
F 4820 5966
I 9863 13016
S 16013 17178
F 9202 12472
S 5142 16246
S 14499 17375
I 7751 15009
S 9770 11073
E 14656 15415
S 9613 15613
F 14190 16891
E 4563 6057
F 16988 17432
E 9090 17477
E 8220 13375
I 16948 17248
S 3941 11106
E 16959 17099
S 7059 15421
F 1070 7549
I 2818 11409
E 11582 12606
E 11577 13339
E 684 2939
F 8716 10743
F 17324 17419
E 12799 15940
S 17005 17162
S 1528 12230
E 899 16787
S 16881 17547
E 12307 16350
I 6157 9302
S 9169 15647
E 14458 14937
E 11968 12432
E 693 3404
F 3787 15585
E 10995 14246
F 5096 9613
E 7114 7603
S 904 1598
I 4635 15891
E 12345 15709
F 17253 17487
I 5146 15980
I 12963 16720
E 6238 8859
E 4942 11639
E 7314 12200
E 4578 9574
E 774 2818
F 1379 14944
F 17051 17315
S 13040 14077
E 11140 13890
E 13887 16537
F 1144 10069
F 15766 16563
S 8625 15878
E 10820 14809
S 7031 11482
S 8926 12749
S 1487 16073
F 8589 12874
S 10451 12861
E 14038 16516
E 14957 15925
I 11098 12443
F 17286 17515
S 6569 16897
I 3546 6390
E 2599 4499
S 7639 14364
I 78 3106
F 16080 16308
E 669 5559
I 1469 3048
E 1346 9669
I 9786 12835
F 3006 8751
F 13026 14961
E 6461 8435
I 9794 10397
F 4602 6343
F 5377 10628
S 2969 3825
E 10360 12755
S 9578 12080
I 3270 3531
S 15697 16489
E 15263 17326
E 5020 7199
E 999 5589
S 8710 11971
E 16877 17473
S 14148 16640
E 3622 8392
I 2044 3990
I 6307 11051
I 10575 14751
S 2268 3202
F 10771 15334
E 4126 15503
E 13416 17122
S 7093 9750
I 3761 10715
S 9372 11403
E 11516 16073
I 1629 3639
S 13612 14428
E 12685 12846
S 3404 11579
E 14272 15007
S 5297 8043
S 4081 12536
I 12560 13487
I 16541 17021
I 10715 11145
E 6093 6562
F 9386 9630
S 12650 15862
S 12910 15703
E 5048 14850
F 5862 14830
I 5031 16036
S 7028 11372
E 8897 14939
I 7153 12551
S 8626 14994
S 4754 11384
F 12570 13994
S 10965 12319
E 2587 9033
S 1884 13916
I 3165 13968
I 2778 13849
F 14669 14749
I 10128 13680
E 11770 15164
E 9955 14683
S 13162 16410
I 646 14177
E 2259 3279
I 5947 10125
F 16237 17429
S 13922 16060
F 4981 14738
I 17502 17545
E 9720 17099
F 16067 16803
I 1415 15272
E 3555 11077
I 886 13033
S 14218 15586
I 975 4859
F 5310 6631
F 15430 16844
E 722 1332
E 12374 14122
S 10223 12721
F 4501 11080
F 10531 14079
F 15541 16217
I 1005 3474
E 15997 16847
I 8625 10535
I 6122 14779
I 7583 16883
S 12007 17151
E 4449 6607
S 8849 15360
S 2835 3638
S 14996 17124
F 15135 15155
E 15549 16795
E 4212 4484
F 2576 9849
I 12538 15416
I 4579 10886
I 14915 15936
S 4134 14488
S 16105 16507
F 11367 13767
I 14607 15631
E 8828 12411
E 7329 17274
S 7232 14152
E 2520 7441
S 5440 13404
E 7906 16942
F 5008 8404
S 13440 15175
E 17473 17505
S 16184 17423
S 6377 7737
F 869 3325
F 4515 8964
S 12177 17245
S 6536 12314
F 12828 15460
E 5692 16285
I 11699 11960
I 7453 10694
I 15233 15251
F 3109 12009
S 2588 14229
F 10400 11255
F 5747 15770
E 11262 15810
F 10702 12405
F 15217 16593
E 12692 14922
F 8722 9469
F 5130 9464
S 1482 11974
F 12105 12538
E 7486 16913
I 9465 12792
F 2373 17032
E 5981 15210
I 204 9735
S 14965 16941
S 2155 3160
E 15285 17143
I 2982 6453
E 8360 13326
E 973 10665
F 4242 17437
F 8700 14899
F 4137 10867
F 4444 12524
S 4422 6920
S 2484 10148
I 6894 12625
I 13891 16796
S 17094 17321
E 3772 15684
S 14361 16500
F 15678 16531
F 8506 9922
E 16419 16423
I 11691 15494
S 1918 10336
S 1150 4661
E 10750 13780
I 9682 12959
F 2555 6041
S 16032 16899
F 11120 11199
S 3593 13992
S 10697 13324
I 14568 15409
E 4406 17365
S 16002 16044
E 254 13036
F 12176 17052
S 15379 16189
F 16275 17079
F 1217 13601
S 15252 15354
E 7024 10051
I 1899 3931
F 10943 12847
I 9714 11894
F 9542 17542
F 8045 11409
S 6561 13693
I 10511 10855
S 11024 11286
E 10216 15476
F 12516 16123
S 8806 15084
I 967 5622
S 9292 13824
I 13653 15254
S 12691 16501
F 7667 9993
I 1953 2988
S 13551 15833
I 3780 6438
F 14901 15320
E 15510 17045
F 14220 15614
S 1901 13303
I 4132 15821
I 266 3347
S 5410 16177
E 12288 14966
F 5807 6237
F 9643 15495
E 6128 12463
E 1992 10122
S 4744 13098
E 11491 11601
F 11135 14058
S 6755 12050
I 7853 11079
F 15678 17516
F 16859 16998
F 4311 10767
F 7563 17193
I 14808 16191
I 159 1069
F 15811 15920
I 13095 13624
E 2041 14551
E 8591 16885
E 7259 17491
F 15078 17151
E 14310 15480
I 11072 11473
S 9620 11708
S 3470 10160
F 4364 13922
S 12677 16400
F 14746 15694
S 3719 4595
I 5777 9742
F 5636 9448
E 1767 6234
F 12414 14755
F 279 2414
E 6078 13192
S 547 9177
F 4119 15314
S 16122 16612
F 11733 17209
E 16737 17058
I 16214 17519
S 1359 13382
S 11193 17418
S 7995 9665
I 10455 16211
I 14765 17555
E 4579 7242
S 1934 15740
I 9662 15136
E 12012 12889
E 4163 14517
I 13377 13405
S 14215 14794
S 9643 14132
E 7217 11721
S 14740 15618
F 2721 6189
S 4754 15831
I 7817 8103
S 2823 14041
E 14274 14431
E 1286 15230
S 140 477
S 7655 14919
S 5032 11687
S 12452 17152
F 1293 7946
S 1403 16808
I 6257 8046
S 9969 12813
I 14749 14996
E 1552 17008
F 8565 15129
I 17516 17546
F 5236 9204
E 7543 7766
S 12342 15321
I 16388 17063
E 2121 2936
S 13036 14739
F 14285 16231
F 15968 16790
I 12713 15996
I 7797 16876
S 3218 14675
F 9290 16159
S 1749 1804
E 1108 17051
E 4056 4701
I 12921 12962
E 15123 15207
S 14096 14496
I 5302 6590
S 13305 13608
I 13142 13532
I 11037 16636
F 13600 15997
F 11949 12973
S 2206 13673
I 6534 16595
S 12184 12209
S 9125 16329
I 6438 8486
F 626 2539
S 490 17125
I 14931 16308
E 4583 11874
99
154
110000111100
173
110100111011011011110001100
181
1000010111111100011
93
100001001010101110111110101100111010110001010000
155
0100010000110111011011111100101110
2
011001111001110010100111110111
194
0001111101001010001011110110110
49
0000010
84
00001100
122
1011111001011101100100100100001
140
10011
146
1100001010110010110000010110111000110111101101
132
11000000111110001011000000
155
0111100101011110101101101110000011010
69
1100011111111001111111100010011101100
195
110110100
102
01101100011001010110011000000011010011111
159
0100111010110001100010011
34
1001000110100000010010001110101110100100111010100
128
00101110101011010000110111100001111101101100
117
11100100000001111110101111111111011000010
69
10000011101
25
0010100001011000000010011101001011
98
11110011111100100011100000000011011000001100
165
10100111000010011001110111000111001000010001100
200
000110011100
60
1010111111101101000101001110111
50
1100001000001000
37
0111001000011010000010111100010000
173
10101001101110001011011110010110010001101101
78
01000111001110010010001111101000010001011
172
00111011101000010010101110011000
185
1100110111011
177
101110011110111011100110010010110
159
101100000101010101101001100000111110001001
141
001000
27
101100100010010010100000101000101
161
00111010101001111000110111000111001
132
010001100011100111001010011111100010001011
94
0111010010110111010011
128
000101111110011001110110
152
0011100110111101110000001101
58
10111100100011011111111001111111101010110111011
40
00111101111001010111101000010110111001000101100010
10
01000
58
0111010001101110010000110110100010100100
58
00110111011101101100111001010110111010110
49
00110000110111100
78
1101010100111101100100010100010
138
1100010011001001111001110100101
16
01100100100110001010101110010110000011001
105
01010000010111011001101101111000111010
24
0110111100100011111001001011111
182
01111011
6
011011110111001000101111100000001101101
87
1101011011011000010011010110011010001010101100
120
110111100
31
0100100011010111
189
111011000
191
111001011000110111010
3
0011000101
136
001100111
93
010101
99
01111000110111011
76
0010110110
182
0
97
01000101110101000011011110011101001111110010
52
1010001011101100000001000100001110110000
125
101110001000110100000001111001
6
000010101010
184
101111010001100111011111101100011110000001101011
177
1111111000111
30
111000010011101001011010110111001000010100000
90
10010100010100000100000110010101001
97
11111000101000101101011000101011000110101001000110
171
00
28
1110011011010100110011
97
01100111111000101111000101101100
173
10011111100010
25
00010101000
114
0010000101010101110001
98
000011000010011011
190
00010111101000000001011011110
169
1011001
147
011001010011010010000110
162
100000111100111001
44
1101
64
00101
174
1
185
10111101
129
10001011101000011001110010011011101101110
86
11011110111111000101010111
104
11100011
185
100
91
1010100000011010001100010111110000011101011
63
11011000011111100001101110011000101000101
1
101011
33
11010000110011111010010100110111000
82
000
72
F 209825 246112
F 124469 248417
S 68052 154580
I 150546 236167
I 6441 198526
F 252894 257477
S 68077 159446
E 133102 188913
I 130803 141760
E 211186 253153
E 224263 251566
E 195525 213262
S 143772 154921
I 124361 244497
S 54440 235554
F 239511 239921
I 154077 252528
E 138242 257913
S 211051 240584
F 63456 101042
I 254745 255180
I 79055 235432
S 212268 256482
S 221176 235082
S 126804 205007
S 195878 206660
S 191585 256738
E 112784 128124
E 158665 216499
I 43690 118972
I 182890 249321
F 118871 182582
E 57474 246387
F 253682 254250
I 5064 21293
E 207171 247482
E 134957 189854
F 246788 252505
F 67891 89169
E 143970 219630
E 5885 201501
I 110901 195013
S 110574 223395
I 215422 242396
F 31787 147902
F 62713 124382
F 122124 130632
S 170416 257810
S 55689 237245
F 138133 197006
S 50485 112190
S 208822 217207
E 128414 228195
F 141194 238396
E 135843 160026
F 144328 251211
S 225843 250626
E 45862 202481
F 68797 184175
I 211447 216659
F 50392 232603
S 221520 224101
F 116336 148987
S 229487 240161
F 45964 234582
E 64859 221231
I 118915 125704
S 229439 253014
S 15247 129388
E 34341 102436
S 68486 216748
F 204406 207385
78
100
10000100
16
00111010100001100101101001010110
100
1000111111011100111
57
11100100010000100
46
01001000011011111
67
0000100010101011010100010
13
010001011111
77
1010000000111011101111
183
0111100101110111011
123
010000001000000000101000000101001101100100001010
42
11110000001
73
11100101011001000111
150
011001010001111110001111000001000
84
101100000100011011111001001111011001010
146
001101100110110000000101101
34
1010010000110000111
83
111011110011011010100110111001001101101011100
68
10001111000111000101111
163
001101010010011001100011
58
111100
77
001111110011101000011011101101
43
1110000101100111
95
11101000001110110001111000111
54
1011011100010011110101100100101
155
001111011000100110110111110010000100001010
120
010
55
1011010100010101011011011101101011101001101
22
001110100100110111
155
0001110
35
1110101100001010100011000011011001101011010
125
110000011111101010011111111110000101
109
0101101011110
95
11
200
00101010110111111101101101100001100110111
197
11001010110011010
10
1101101010110100110101000
151
100111110101100101110
2
10010
51
10111101101011110110101100110011010001011001001000
148
1010010111
63
0110110010001100101010111001100000001010110
10
111100000011010
134
011111000010001
99
010001110
82
00110110011010
130
00010100110111011100110111010111010001
117
00011100000011010110100100
17
1011100000000101011011110100111100111001
133
001
104
1110111001
16
101101100010101110110010101100100
67
0111110
13
011001001110110111000101011010100010
194
1000011101100100011111011
9
0110
76
1
185
11100111001010110111
101
11101101100
84
10
147
1011000111
146
01101111100010110100101
70
00100000011101001010110111110110001011111
55
101000000101010101110000111111011000011010000001
100
1001010100010110111000000001001011110111
62
11001111110110
67
01100001100101101
144
1001001111111101110101100011
191
01000100100111110110110011001011100011011
127
1110001100010011100111011
99
010110000001000111
159
11100011
123
1011010011111110000
98
1000110
139
0
186
00100011101011101001111010111111001
19
110001011101001101010100110110101100110000
117
001011000111110101100
28
1
160
S 25865 33608
I 58010 152283
E 161979 162116
I 56307 88294
I 136419 158684
I 50784 123308
S 65381 151723
E 9729 48432
E 102191 156715
F 62514 63279
S 159084 160884
S 52655 57064
F 26848 143266
F 109034 159574
I 155643 159693
I 34376 87531
F 91904 91933
E 38864 153292
S 156591 158672
E 288 11369
I 106723 117052
S 100802 122587
I 34908 56226
E 149960 156274
S 333 116516
S 80412 108809
E 69132 127233
F 69210 93153
S 99340 122451
S 154554 159830
E 5649 79274
F 136168 158138
I 46742 86717
E 20428 39915
F 56905 160252
S 158711 161859
I 17210 99986
F 33876 149173
I 140347 141025
S 118517 144393
S 17523 81306
S 140448 152088
S 128208 129684
I 141471 158286
I 157388 159806
S 54658 126644
I 75766 144060
I 102734 122218
E 12889 62849
F 136486 150507
I 116164 149439
F 156441 158121
I 3613 41975
I 157821 160476
F 131032 154568
E 160453 161215
S 56954 146480
I 38856 107589
I 29739 121943
S 94356 96701
E 59169 106435
F 63421 85937
F 59982 62517
S 124041 151199
E 161175 162140
F 23147 44446
E 78722 140836
E 138804 145112
E 32166 86846
F 113501 130901
S 158449 160001
S 105488 127851
I 138380 161470
F 73053 96355
E 24783 139823
E 10705 141567
E 19688 134498
E 27188 109142
F 159566 161816
E 35675 60358
S 36561 145570
F 68592 91606
I 127624 133051
S 44032 114648
E 116352 146654
I 57926 117387
I 107200 112210
I 144932 149965
S 125862 151961
S 1939 142022
I 118089 154069
F 63556 107815
E 139283 140015
F 102517 135970
I 54384 85798
F 116328 130163
E 2881 141901
S 79267 118635
E 159507 160489
S 53175 162343
F 137915 140156
S 70810 126831
S 11492 134947
F 141498 147422
F 68305 118734
I 15060 29689
S 8992 30743
S 46464 154878
F 117396 130997
F 125181 159503
S 57489 67798
I 150852 154034
F 76743 150112
F 14486 72354
F 94131 104761
S 130359 136127
I 75098 92743
E 26579 112153
I 97936 110098
S 94193 153975
S 70653 86094
F 147830 156588
I 91085 108810
I 105972 155015
F 99106 150494
F 119104 152955
I 9774 134654
F 111459 158126
I 20957 59660
E 106809 110649
F 81042 142268
I 40170 54764
E 90986 116171
S 127282 149314
F 97063 108035
S 38017 83549
S 395 38506
I 54923 114884
I 33705 115259
S 35075 121620
E 126218 151992
S 59322 148440
I 147834 149853
E 14135 47588
F 38744 142316
E 17765 73434
I 85895 104355
F 89202 103024
I 47917 108851
I 148354 162551
S 151654 158846
F 110719 150743
S 19316 21009
S 30190 72263
F 60829 68906
S 91719 105935
S 112347 153477
E 37337 94908
S 2185 85564
E 116696 138352
77
91
00101010110000111001111
171
001101111100101110001001
161
1001100110010011111111010
83
101000110110001001101111110101100100011011011
138
0111110010110101101010110011110
96
1111111010010001
45
00010101
142
011001011100100
19
101000010011011
73
11011111101111010111111
18
0100100000011001000
144
01001110100111110010100011
58
11100110100110100101
179
0000110010101010000000110100010100111101101001101
42
101111101110101110100100111011
96
001100010111111111
17
011010101000000
38
111010000011000011110
164
11001010
24
001011010110110111
182
01111011101001001011001
197
000101101101001110111101
107
010000000000110110000010101
162
000
154
01010100110101
55
0011011000000110111010
104
101101110100011001111001101
149
1111111001011001000111010010001111011001110
48
0010011111000101110000111000101000001101011111101
111
11111100010101010100000001010101
51
010111010111000110111101111110000100111100
75
101
56
0011010010111001011011010111110011
100
110110000111000011000110010011010010101011
157
0000001101100001110
92
1101000000011000111010100010001001011110111001
32
000000000011000101111000010
109
0000011010000000000100000001000010100000110
12
011110101011001100001010101010111111
45
00001001011111001010100100000000000001101
11
00011111010100111101010110010
84
001011110101100010011010010
144
011100101001101001010111111011001111011011001
150
0100010001111010000001010010011000010110
85
1111111000011110000010001101111101000100001100
154
1111111101
184
0
139
01101011111
31
0110001000111111010011111000
24
010001110011110001101011100001111110011101101
104
11111010001101011
142
00001001001010000000011000101101111
95
000001100100110010000000
59
1000011000001111011100011010011001011001
149
001100110011010000101110000001010101010111101111
74
11000101011010111111011101010000100110011101010
31
1101001101
200
0011010
193
0
96
00001100111000011011100111
184
10110101110110011000001101
182
1100110100110101
109
1100101101000101
102
00110101100010111001110011000111
93
001010100001111
199
10101100111101000011
97
011100000011
131
0101100000101
17
111101010010101111010000000100010001101110001
14
011010001100010010000110111110011011110
28
01111111101101000011111000110100110
169
10111100111
78
10100010011000001
198
1010
166
1101011010110110100011010011110000101011
54
011000110001
6
11110001101101001001111
118
S 20951 24664
S 159381 163334
E 173265 179685
S 90716 94222
S 35465 86117
E 44545 148142
E 8424 57827
S 89963 129379
I 162644 172293
E 74761 99864
S 71130 94010
S 131321 141762
I 57402 67587
S 120570 155101
E 109140 177739
F 102740 157351
I 156565 173632
I 108598 130317
I 17367 147736
E 141727 178056
F 129885 138538
E 171610 179066
S 23904 53244
E 71031 82565
F 108847 113126
S 26733 178638
E 17275 151733
E 178537 182645
I 52319 63115
I 42474 89185
I 80426 173848
I 47835 159455
I 48878 112657
F 55392 144680
F 159367 182428
E 38696 164522
F 80209 132119
I 79246 155228
S 46428 83569
F 169385 178753
F 56982 128740
S 49471 138204
I 157116 181494
I 108904 166908
S 93474 122704
F 36343 107432
I 58044 159443
S 160665 169402
E 56303 73513
S 131096 149638
S 174450 175611
E 64959 101032
S 113730 147912
F 164976 177071
F 24012 153754
I 126662 147444
I 75072 114033
E 33935 158165
E 42312 99855
E 171622 180679
S 175983 177116
I 10811 174724
F 67288 129985
E 182008 182868
S 112781 172577
E 8267 130824
F 115589 141107
I 182559 183205
S 75173 121664
I 55853 63118
I 128117 143129
F 180054 180811
F 166573 175215
I 113973 139398
E 131803 174527
S 168551 183425
F 171759 180985
F 15221 175191
I 139473 144045
E 131994 134047
F 171755 183426
E 135635 139016
S 107996 132155
I 142892 156839
S 119890 152848
E 110800 141474
S 103767 145457
I 110160 158354
E 80288 97570
F 99143 180956
S 89553 114780
I 118248 142496
E 60491 92746
I 169724 171278
E 36339 157181
S 48815 57118
I 37728 183005
F 50051 148329
S 43255 48471
F 1918 67311
F 30630 39602
F 30961 45582
S 14316 61913
F 88903 99636
S 21048 127280
E 89722 109537
I 83766 156483
S 152191 155293
E 37317 39231
E 164251 170598
I 3337 113897
F 125135 168690
S 133244 133445
I 157742 157974
I 164207 169045
F 101467 134209
E 135229 135432
E 129616 183430
76
142
00000000011000101101001100110
25
10011
164
1001
91
100000100011010010011010100011010
103
0100111110111010101010110001000101
143
0100000010100111101000111001000100
200
1000
139
01010010001010011011100110111111100000110111011101
57
01110000001001
166
101001010011
15
11001111010000011101110001001111111000010001
53
1111000100110011011001110
194
11011
126
101111
64
111010011010000111110110101010001000111111101
74
00010101
168
01010
24
1001000110001011000010000000001010
165
110010100000111100010110001000
131
10100100011000
118
001010101111110110000000010000011
159
0000110011001000001101001011101100001011110010011
126
00001000010011100011000010000001101110101
183
000101111111101111101000111101110
51
0
139
11111000010
157
1
171
110110011111100010001101100000110001110111101111
187
001110010010101100000010100010010100100111010
37
01001011011010
24
001100011110011110110010010100000111010100010101
127
000011000000101011101111
48
0111011011111100110011110000101111111101110110101
92
01100000010001010011100011110111001111100010100111
187
100101010111011010010100111101011000001011101110
135
110111001001000
27
00000100010110000111001101111011
79
10011111001010110010
176
0011101110010101101111101001000100110110000101
92
110100011110101001011000110001101111001100010100
139
11011010110100100000110010101111001010100000111011
179
0000010111010100101010110110101101111
197
101
44
100100111011001000
141
1101100000001001
195
010101001000111001101010001110001111011000110110
15
11111010111001100100001100111110001100110101
116
0101
188
00100111111100
114
01111110110
111
11101
173
00000000100011001010101110011
146
0111111011011
36
00000110000101110010011
83
10
137
100011101001
127
11
106
0001110101
173
0010100000100010010110110111011101011100000100
83
011010100010
120
11100110101010100001011111011010
131
00010000111000110010011101011011001110111100000
193
01
69
1010110000
168
0111010010011110111010001101101
32
111000
125
11110001100111010011001110011111001100
16
110010000101
31
11100111000010011
196
0111111110011010100011100001011110010001010000001
165
000000001011100010000001101111001100
152
10101101110011110101111110100001
58
11000110000010111111011011010100000101101
17
11011011111000
138
101100100101001
32
1001110101111001100011011010
731
S 117384 145533
F 164699 199064
F 211525 213956
E 214811 218121
I 158384 189317
F 144726 215083
I 14180 136195
I 190986 206012
F 220512 220998
F 178483 185113
E 202417 215242
F 47562 127740
F 207922 219945
I 220989 221092
E 96388 131745
S 70536 93390
E 43098 104681
F 171399 211491
F 103182 193188
I 94210 154886
S 175541 181179
S 22485 107312
S 89164 132214
E 61274 190025
I 159148 199656
S 22158 49209
I 137560 204606
E 221060 221085
E 215037 218317
S 17563 69267
F 12891 172211
S 203326 216232
S 103987 167162
E 190524 197406
E 178414 193015
S 157063 188519
I 1606 22718
I 23364 168341
I 213833 214600
E 219019 220812
S 130647 135535
I 174971 194311
S 31162 148416
I 23598 175278
I 193295 194899
I 186159 196758
E 165451 217283
F 116037 195210
E 125125 151514
S 177875 221081
E 116575 189852
F 39597 161125
F 150244 219554
S 126656 149462
E 191362 213270
E 116379 165834
I 140382 220113
I 172663 218525
F 64799 177626
S 87178 112675
S 61368 75782
F 187871 214623
E 38484 186250
E 47584 197439
S 162781 172616
I 81631 85389
E 16935 28317
S 119589 190654
F 3404 193437
E 181397 189472
F 143344 197900
I 132887 208532
F 185947 207867
F 102213 170549
F 30631 184182
S 74009 119788
I 100765 132042
F 46241 98399
E 60873 180136
I 88319 202140
F 201955 206892
E 216356 218001
S 220273 220546
I 136109 164042
F 39073 197279
F 21065 187147
I 193693 194046
S 128723 200196
S 40316 219553
S 73512 103713
S 177693 200844
S 106477 110100
F 28099 176497
F 118670 162652
I 938 47905
F 69643 214118
F 130629 210678
E 168613 212763
E 32574 181347
I 101897 176502
F 64701 108059
S 112489 192341
E 133124 170064
E 58290 63940
E 45141 182171
I 154600 197006
I 189479 218569
I 64705 165469
I 164992 167781
S 154272 216381
F 186128 202418
S 10252 175832
E 112651 215037
I 160051 162283
I 178662 216827
I 100414 101657
F 47521 95734
F 41568 125802
I 63426 175116
I 46881 137757
I 166202 185874
F 169702 176124
I 23543 189027
I 22988 200827
E 120857 217876
I 114311 185369
E 104673 203568
F 1720 152243
I 158957 163465
F 207945 217636
I 170035 197549
I 34086 142280
S 205918 207057
I 160833 198560
S 122338 212518
E 85636 145294
E 34357 141328
E 125019 203000
I 34449 154630
E 20625 26238
F 98571 100864
E 42587 162842
E 162056 189953
F 217774 218284
S 132701 138172
F 178132 196363
S 139705 172356
S 121897 148246
F 84539 102660
I 154624 178244
F 32558 149545
E 205945 208365
I 189209 209339
F 1054 53393
F 110305 163756
I 103724 153099
E 1593 22566
E 145472 210267
F 205660 209449
S 112749 143697
F 156870 161415
F 168254 213969
F 31759 74422
E 6531 145285
F 172704 180331
I 208635 211461
F 126519 179602
F 103654 163638
I 84145 90873
E 157727 166407
F 106710 111665
S 78138 124548
I 193902 198116
F 91913 132547
E 20943 178383
S 183163 198523
F 82296 220229
F 72940 170494
F 161875 185445
F 6635 139783
E 80570 109133
S 95631 122823
S 37971 191119
E 31784 161773
E 125399 174821
E 4421 12927
S 175641 178609
E 159379 212058
I 210814 213321
S 106776 121069
E 35102 203051
E 210427 214438
S 28014 179743
S 184348 193742
S 58713 199202
I 82121 166215
S 210980 215640
F 206204 215183
F 67915 133375
E 83718 192625
F 160528 193250
E 96518 176798
F 84506 122780
E 145294 198136
I 119765 214643
S 51767 91590
I 26130 95672
F 16534 117737
S 113744 154627
I 76017 99853
I 82849 183426
F 188234 215029
E 175677 203331
S 159598 177937
F 60499 205946
F 98286 128646
S 62460 182294
F 216450 216935
E 48171 187900
E 163724 216886
I 53194 191145
I 201486 208001
E 23413 25023
I 145953 194397
E 176949 211345
S 220547 220760
S 15621 51515
E 68229 180581
I 173087 191068
I 69950 196337
F 93414 220611
I 72013 157844
S 199047 218927
E 78288 183051
I 175634 203597
F 103815 122355
E 71208 136210
I 120493 219824
E 22596 49095
E 161420 184865
S 91203 100108
S 49506 64188
S 153798 217427
F 74695 191052
S 29015 174235
E 33208 154574
E 204989 214913
S 79404 137780
S 75909 174008
E 185313 199848
S 145248 220591
E 84897 127292
I 190918 204778
S 165486 192358
S 205726 205821
E 93868 155601
S 9497 96097
F 74818 77640
E 21037 147764
I 68899 170907
S 157283 178498
I 178242 178359
I 173116 197300
S 108046 154804
I 123364 139225
I 144112 169463
I 8303 58888
I 106391 154238
S 136540 144990
S 180605 216384
F 201235 219137
E 26905 67497
I 134813 138341
S 127662 215815
S 185547 186748
S 190754 206304
E 217797 218222
S 138498 142305
I 3141 190811
E 134026 191406
I 173670 182752
I 7647 104389
I 164674 178503
E 47770 90780
I 97170 185887
E 86568 164272
I 73110 126991
E 62006 175039
F 217429 220419
E 166563 213048
S 34242 90001
E 123751 179795
F 124524 130818
I 131871 205985
S 121054 185403
F 148698 169522
S 27150 205649
S 205056 214090
F 169805 213921
E 54374 195941
S 20553 120927
E 1185 133128
F 176026 204734
S 56434 221012
S 111492 117711
F 157420 211741
F 45365 121476
F 31840 208088
F 206500 208297
I 199699 205041
S 97335 145968
I 39061 140850
F 54537 184690
F 139285 193138
E 214281 215382
E 161262 187914
I 125488 172110
F 203165 210327
I 143820 168933
I 35882 50403
E 152122 186340
E 32623 70495
I 194692 201972
E 4286 25304
F 78498 100635
S 156509 212641
E 84823 126908
F 5231 132056
S 124409 174290
S 80938 85868
I 215640 220662
F 66018 188519
F 80655 83433
F 112049 142649
S 66637 175939
E 72671 118488
I 171349 185590
F 215745 219677
S 199817 202675
S 190023 209614
E 97183 111891
E 172575 201711
F 176218 189223
I 20439 180457
E 74036 90752
S 35715 47974
I 2137 121668
S 119159 155237
S 120186 196778
F 211707 217727
F 62971 108113
F 50377 160735
F 105802 153425
S 25257 66629
I 7735 10170
F 58170 111954
I 208894 218874
I 92741 173739
I 212467 220991
F 67162 71806
I 180179 216081
E 186739 206777
S 34340 208374
I 203026 205057
I 152994 167979
S 70310 99762
S 43527 64158
S 25578 161505
S 110533 200419
E 176400 176506
F 94346 115585
F 166402 176034
E 107889 151193
I 37498 79224
I 86445 195340
E 160880 170507
I 21348 208239
F 161207 180120
I 82409 105562
F 16341 170940
F 169896 207052
S 151155 200634
F 157845 177329
I 135487 143734
I 111619 147748
I 66362 165974
E 51245 156034
S 142173 158208
E 94786 142737
E 112100 132457
F 93314 203260
F 137911 178917
I 119349 142483
S 197331 216769
E 73883 213438
F 79336 147693
F 184910 195911
F 129818 192061
I 19450 67014
E 178235 210466
S 186855 207540
S 167043 177050
F 207163 216065
S 34423 118993
F 84604 209653
S 117288 192448
E 91184 101230
F 135772 216729
E 72626 120815
E 96433 170313
S 188763 213682
S 190440 208486
E 99695 100102
F 48134 78015
F 29397 51603
E 180504 218400
I 173045 201024
I 25825 128594
F 61049 126195
S 107618 180070
S 150057 181862
I 12780 46163
S 34134 178465
S 97590 120942
I 151918 204539
E 19469 137628
I 200692 218649
E 204860 216810
F 5792 61021
I 89619 113886
I 55689 72309
F 97918 112286
E 158634 196300
E 35389 195248
I 165552 206348
E 49346 137198
S 47260 207973
F 42284 79428
E 180987 209656
I 41608 173447
S 200292 203655
F 120812 197416
S 115963 175462
I 128279 130603
E 113253 144646
E 168872 175689
S 15169 55957
S 71633 172095
S 115888 177249
F 155394 212861
I 97047 118283
S 14447 153179
S 358 36040
E 218363 219118
E 22813 29947
E 126766 182090
E 101713 214701
E 111585 189411
S 8153 23274
E 163689 180398
F 140671 195862
S 44554 211939
E 217387 219498
F 10441 102650
E 192457 195131
E 193863 205806
E 216166 219726
E 68997 87837
I 119721 195690
E 113556 198439
I 94395 122246
E 121178 182426
F 205684 213960
F 220085 220348
I 15777 187918
S 117812 208834
S 45180 51650
F 34923 46206
I 75090 107400
E 163938 180531
E 154755 212384
I 45310 215921
E 218830 219792
F 50880 104783
I 160223 161682
I 216774 217323
F 94442 218461
E 197623 211167
E 96783 172173
E 167053 217445
E 71874 168220
S 137934 211203
E 131540 148924
F 154856 203854
E 72544 143897
F 209258 213008
S 111092 183441
I 12969 83201
S 61060 104912
E 124699 184252
S 189442 203521
S 198248 201051
S 27828 181355
S 47599 184782
I 51042 216667
E 68441 116192
I 59963 77828
E 28127 55491
E 53794 72537
F 77671 128243
I 43645 141284
S 159728 204358
I 60173 186035
E 101710 180212
S 193424 215671
S 153935 188855
I 126683 199394
S 207180 212251
F 123080 135359
S 182251 188874
E 69451 154820
F 34848 176058
S 132740 208325
E 196967 198479
S 71477 133764
F 65536 216193
I 104891 189958
F 162868 170668
S 111534 119279
E 36611 203233
F 117053 219861
I 58056 216792
E 11146 105984
F 207027 219142
I 22247 158107
F 193952 221163
S 14864 45623
I 114213 129353
F 99798 171067
S 121490 182988
I 3459 27217
E 133950 134049
S 73872 132648
I 210019 215398
F 8051 68005
I 67411 76552
E 203034 220503
I 167644 195910
F 17728 25978
S 135374 140890
F 175956 185920
F 207879 209367
S 182531 215493
F 82603 119967
I 179678 197059
S 185563 191055
I 110853 155466
I 83017 164329
S 77822 153032
S 219526 219850
F 140782 165033
S 44554 215622
S 192191 192355
F 93347 161608
E 73633 217116
F 180501 187351
F 199476 217275
F 71685 105099
S 182643 217791
E 211347 218614
E 18818 169691
F 206750 221151
E 191418 218153
I 211972 212222
S 139787 190624
F 140674 215823
I 166893 199477
E 161358 163757
F 183528 201559
I 9185 15181
E 183238 203952
E 199462 200697
S 173111 191127
I 124767 192277
E 89185 213133
E 119450 187706
E 123626 152894
I 201656 220226
F 195147 195934
E 33865 42914
F 153041 180593
E 82558 208390
I 201048 212373
S 72520 203907
E 63798 147219
F 115219 154837
I 204517 204761
E 114525 115150
I 28933 198943
F 140849 190319
I 34837 153718
F 11018 180054
I 97649 132627
F 63271 125868
E 112960 154660
F 196026 200053
I 42107 205112
F 45409 54007
E 207490 213429
S 149049 193146
E 166088 189860
E 116752 167143
S 123400 173957
S 211943 216841
S 12562 154006
I 19550 161681
I 61762 203019
S 97582 215046
E 87721 131287
F 6578 91163
E 23688 70738
E 218284 219726
E 213485 217961
I 148210 175542
S 51963 125299
I 186017 190093
I 53779 213357
E 110395 206013
E 165185 202909
E 143754 199750
E 208342 208704
F 173853 206789
F 81040 143251
I 26693 187796
E 162081 204070
S 112421 220087
F 38543 72294
S 1064 83203
E 127806 144499
S 10321 155187
F 182300 217857
S 20312 155072
F 1533 98503
I 167567 184109
F 179780 197518
F 203059 204092
E 151351 197994
I 65737 120366
E 16685 210854
S 184592 215366
E 216008 217443
S 88063 168696
F 5713 38526
E 216494 217379
E 113481 137594
F 189959 190766
S 211934 218880
S 183431 197391
F 135303 176217
E 77649 137815
F 89485 170954
F 16592 90619
F 199152 206983
F 73839 89495
S 128964 180726
I 136715 211582
S 119208 137804
F 91063 172670
I 117677 198429
I 158030 195685
S 194397 195169
S 220279 221020
S 8460 121563
I 123666 181293
F 102014 138154
F 27879 112730
S 30251 133703
S 201134 201160
I 7842 18000
E 215585 215827
E 136576 208416
F 217573 219203
S 200228 216823
S 195991 213062
S 131438 192935
I 152208 201489
F 122947 126598
S 108250 218385
I 208229 211291
F 106788 152767
F 4498 78519
I 137857 151359
E 92028 210619
S 145380 211119
F 94573 192583
S 92001 134793
I 188009 213754
S 109162 195443
F 74497 78706
E 65998 163875
E 16480 184715
I 105171 114250
I 10242 105055
F 51574 137567
I 183218 200079
E 61596 111432
F 159596 173127
F 202051 217965
I 194476 214329
E 137820 142552
S 113468 122285
S 54929 139394
I 128060 141055
E 169755 188767
E 112820 121778
S 80267 92016
F 143616 159780
I 191674 191995
E 184578 187028
F 58324 124455
I 208879 220095
I 31863 122576
F 37524 168246
I 216583 218752
I 75264 213587
S 167385 188527
E 105699 205300
S 98450 134941
E 17670 91795
I 140661 150378
E 13289 159106
