10000
19217875
38759591
19448404
86534956
62899749
83649999
86834385
6322880
43227225
4866832
31818106
53592138
32394539
49325225
42821961
15019743
332371
37632839
73608126
35475377
18107994
84911076
64990394
6416005
21830158
2017764
84338291
44563025
2226053
17222698
67455414
34148667
51422638
73892756
56436212
872206
10041959
8336054
57351456
87888594
82452787
49570095
11856163
81620551
40560823
21137568
78582040
80732486
43532380
84447981
31957458
32687737
59157217
19398650
75739861
70398506
75470177
74726633
78851765
68617994
32406231
85386116
35541989
12137622
84985212
44171263
62055136
62947555
19247844
41520614
54560787
11862317
85258475
60709475
84100965
53699387
40242623
76405220
4408246
14694274
28235725
60462730
47744986
80872499
39679611
49270770
61674074
23866043
59377218
27255329
47102556
13232038
33832156
51663716
41352267
62254343
5553671
29736298
52566601
50062714
17857461
4470061
58829565
82905387
27516251
48722415
2052605
47835717
15810912
61263443
42993598
62812619
2293719
76609339
87633823
19565866
79362547
48125216
56816318
3965959
62705422
18102219
11241966
865435
84150634
70782961
5726990
33885297
83766514
35357292
44791270
4369992
57703083
55762380
16662765
26552314
62520011
43832597
59138324
57341311
51984320
58453257
17086243
33161279
63616134
20288286
59639923
53245015
63395140
45488219
9762845
45597362
89747659
22400826
59124129
32322328
27808545
53177842
16708202
20866821
86270568
9818571
59279560
27835824
51175124
30859316
14853026
1302096
52269638
20549659
54476284
17993007
70955520
80972070
73621081
5225602
80442030
16761892
21889278
17619327
23134310
28973859
77831555
75760395
1832742
28038736
83816654
25279633
38856471
59754616
70683574
42500219
25939420
69345092
62647302
6410649
85511261
53521295
10678468
69246298
61990867
67805785
43802687
35264745
77207605
77616512
68124565
69427592
39532648
74991210
46904503
87846905
15683250
68668120
59586760
61719493
20882597
56010644
44143798
41600287
29047399
70673668
89323020
59995519
73690292
38016146
31272121
69756195
43702607
21238809
26829851
2021264
80537731
82031949
24336895
85779099
50033275
82190829
36090866
46937933
88493761
70701239
71155679
22931181
5278014
70313256
71979759
16547559
45026142
76230320
18457663
52318847
86373393
86752004
25112656
28681200
64212189
35736416
5319709
17356183
73918297
27499357
56284346
18654218
36259497
57044441
33842146
9339372
16161266
50359044
75821640
63619611
60381503
6590618
39518140
82543855
4707806
14034722
47722013
54473660
15316821
12434834
58720136
63056055
14310440
28723828
86699435
30215806
45663685
57267554
44836995
28136678
30520919
16584395
17652174
7288363
7263163
12655943
86783395
63190524
84875010
22749893
78713056
4383243
18230625
58379464
50528283
70778165
65077193
21123768
52079799
23752114
36778275
31751922
15861822
40771288
2161028
37498786
57099082
918988
11219083
35040705
67838442
32656100
1725070
84440137
53341733
8517881
28244052
39529750
19159594
77572129
89343439
83175938
47819185
59020540
29223856
81991576
69207641
76724968
60545488
37332146
87369309
33325861
67760817
38715597
66731126
65979983
17177979
24822851
77435215
21702778
5074765
63927746
44266806
44245438
27297557
28277616
29618338
89194990
36221184
48443964
56121239
62724959
71449977
52797259
73394817
66733518
48057936
75083356
33844336
2501878
36053551
36465189
57198637
60116915
69829517
3077329
88280332
83529725
22383218
33606366
83419776
51396944
59313629
80679840
62965815
55223844
52213525
34359279
32306274
10223882
41995271
28441964
72773603
34951800
55390034
30839168
71965350
70885860
32311568
67458929
34870493
44818548
325656
68420171
23508122
16868824
33651061
40131903
62140129
39176903
52983087
42940574
20105279
32698924
6788159
79483408
68312568
13859886
78992351
75015721
41868351
7537857
61125677
69698597
65369367
57812800
62436414
25355600
62466224
50746393
59267588
41980123
39140113
4955963
38265555
12567544
55848816
56987587
43740755
39330754
40417086
74786212
47773873
78440559
77185548
81908357
9095792
25194335
57068449
12489365
74380389
3568331
30350878
44421512
2112740
68551312
31552380
52753308
59532229
85881368
71542940
59389623
66153541
53641721
13804400
49545449
24434262
3159054
68556481
18218945
66820139
62727132
37138973
24675772
68500020
20948390
53219640
16772728
46700745
73812037
33117358
53475992
78236321
65030093
87731276
4109996
27838351
73413674
37630190
35748884
13556821
20637949
17374592
85511061
7206734
10927442
2675654
82027526
24134098
51709443
60067346
31151344
17801949
87617491
42159201
25577443
48222731
30674026
33568205
75313540
39188554
68117572
26719615
6830975
41179561
76783901
49442475
23601942
32494649
737012
10700771
62504389
4949595
48636383
33936418
10615363
32745395
40648120
78578795
66724692
26124584
18256234
46419545
36658222
18934480
85522423
37488882
1019608
83508985
70258551
12974116
63594015
1488440
13287236
76385064
50834729
86446808
46686521
11788100
66910033
59013261
15198992
38841050
35808705
22373442
83681075
52167646
24491530
75591927
51466694
20988492
22288094
75650378
73025931
15363788
55836772
81705139
19071685
74431884
71191170
7391143
53804050
5383357
24519885
63275405
5364966
15665134
81897988
41326888
67900456
546009
65378788
38241405
74988720
30263453
58904782
28330735
9567470
2206062
3620332
64764251
60296048
60084815
29490805
56833103
54087638
16814772
22679832
52200957
60568055
22419921
52024755
39016565
50458440
67031263
3804991
25207868
46526334
39914224
17857513
59052597
36570790
68010085
42567047
85863552
59393458
74850733
67524078
64729436
82790761
7312944
33042293
19834924
50016207
75340872
48151151
15786505
67682840
42411138
60936386
56470390
28882656
14006741
57964436
37641510
85698501
9527585
71515191
45584324
76243565
23127447
26114435
10029568
77123256
86007898
74817280
78185881
84066308
10053264
32205934
27867002
34997654
7902506
41555550
19859576
4960185
3866143
6542836
9368393
18439434
75084271
17662806
75384795
71333326
18314149
18388328
47275638
47032482
83528332
80135751
52187682
23194700
26365540
45103311
78325141
14167929
5513641
2864668
7655570
42967810
6781959
48242439
85356986
17814953
7930148
57018763
80234558
38116757
40908864
26557731
23226443
53045540
85101267
42580566
36015022
13916557
36115865
89186776
10269770
67453777
41196772
29305272
15976414
1791709
72971253
88393288
51277246
46723198
15406704
43926112
8898980
29360943
43928472
17304252
83314997
42758224
64712577
62938244
85601687
24165189
88309659
9696919
12614820
26406515
40876962
30723461
15245051
23137565
10981792
53302875
19340772
87448914
18875984
44045169
48310836
67346665
32593341
30752296
3457205
37722416
23360152
34710259
6053840
59362347
57788873
56872197
27597411
42308508
77075390
55043541
54546246
79893777
12229448
64550129
66280407
33663140
68166256
41316274
85771110
78510960
60640077
75593409
48552750
36326991
10523690
12540414
30897084
18393546
46930694
69698212
35280568
80285061
37550434
44202752
50638281
47000110
76876664
86478622
82713899
62572204
79731455
66477939
78331042
200873
55278283
66924746
50319116
66062067
49470733
3204346
80193989
58072409
49878138
62031095
4717489
77216142
37001173
48826500
24803460
67597420
2673214
52106647
69618811
89573559
58690490
35760976
74286407
10934621
27831263
48390941
33274207
60530308
55091759
74987722
54209416
502355
87961396
35874655
30066744
27900427
16954813
46562849
57235639
74332032
55657926
44535064
49175918
84478545
81784391
22359968
63096949
39035016
51053915
42156557
28081359
60934344
2113891
24327591
67926352
29193936
73730066
48422175
19464018
17960668
82819282
57390244
56279740
72537862
31647193
21070286
22677590
79720880
32081960
42806804
26213111
49604944
74128109
39364637
14249592
38524834
48576589
39089021
66773765
15253885
29665326
15096623
46412032
51977110
76789859
29716193
31517900
74708793
20710279
60460301
23617589
10900163
64633566
18843217
3906941
18701379
37726855
38525121
32055969
66673272
24805561
82593825
1684943
87257334
19253534
55037898
47185985
18147577
65050350
27684246
52888451
50268818
88279552
62658884
70404923
46556910
6536132
19792539
7429071
40037870
59213098
36900517
44907056
51117685
22116557
8550017
50797334
68044404
9888858
37747601
51891611
58396262
71159676
16276501
70047740
23991901
47504072
11967620
81443258
89564406
43169606
86399454
48376506
49051197
39356550
17313371
71277156
80750535
79581151
66790757
54589495
18127733
28689231
87786017
76816752
87620243
59486619
83782142
34096398
74167737
41258787
55791239
16121421
30273647
86965355
80061086
51794193
10354757
30422755
6918524
19604811
37067282
56029358
61848050
40309531
76043407
62696177
46307682
83980942
49740555
28584613
33227440
28881460
15666014
65371966
23744571
70696416
82359246
6357747
12035558
47442719
25682621
4089803
89569879
78176397
73055146
26432279
20157593
38735064
20206210
26756710
62420191
34980700
47758852
63179836
13819029
52951191
83402516
12526055
40363095
72128623
89270889
68161829
76225277
68936049
70415593
87241153
55871103
49472347
56310156
39319564
22282442
78937671
12913141
66889879
75017945
88169098
58123201
37858711
53970050
44613819
13259829
5309388
37349739
75524946
38381156
55673519
45542658
26738076
9900484
66609903
32273909
378276
73481743
2851500
73725282
10669424
77204937
44194261
38887628
43563831
33614778
23173850
48237431
16456841
57241616
80493315
73111791
84717260
39771046
60683260
22359454
77004088
67381122
19568524
34521496
16659463
1590778
72985981
83124403
81992809
15772047
69987013
85716620
2317108
28089159
34661627
25201783
77486423
58799164
71858811
10491291
33344426
49960477
35976151
73774852
28756936
61476117
78731044
36218112
56140544
59631349
19956734
8846025
29926318
46421918
44752167
10115037
28333019
39113386
32175759
59171686
11861421
85600220
26343973
80675566
60446013
53747377
70486066
14558441
38121992
48173530
63492699
19860216
67312937
13754350
53378921
84302235
8133323
49127321
3619294
40038759
15406979
10635486
55033598
76257362
6900990
36110933
55643162
44715739
70244909
86837007
19249552
39974779
9877148
84517101
23500142
55333023
88006210
72697213
2351705
77046878
61301687
63152549
31592448
39604700
83980538
14754142
29876500
32837508
17459940
3128115
8428200
64634369
48051305
51774972
28973115
44349188
54959886
53675337
53889959
58776572
32342674
42036304
27741590
58515075
50893827
19642794
78265681
1653356
79358892
4473663
87486617
76526652
76951463
71078750
32036198
26581718
12254171
85622998
84513671
68200590
7154813
5466737
41502799
23538195
7563644
22288918
37259634
43350451
447061
85970064
6930480
69246075
14943257
78053636
20273633
39039182
14569755
11408857
50606076
69603576
28689300
46655789
4648490
9068314
78545795
83361289
37311185
171737
86586934
55269794
42836765
52378302
44158073
20816289
879270
41955402
85371620
23445022
21249129
39748536
58084562
11560734
65059670
89788001
65396525
47818726
68488579
39216049
3208165
20259249
48008885
66675642
24432751
12397714
73423235
84597936
4283430
30825074
77239150
3893964
23386500
66403854
8073408
27670882
905981
43223095
18235822
86784393
59690775
42819623
49356920
38419606
55290779
68095662
21201242
57762335
39860285
42317339
48617393
28468836
7276401
20083297
64310726
43275926
73452328
28727990
883651
12519950
50372197
61698048
71627932
65661300
26324887
47084422
81986501
41145122
87082258
74549146
61175855
15381404
36764916
52129060
61786197
29762283
12043752
54802585
37921282
14991430
44632387
1675856
8347786
73325646
58241991
8901463
43653396
79457628
37362971
41208865
2753166
23895259
14219131
88226946
4787342
28537397
9244143
83443584
73978334
81029636
40615196
57279953
24853080
19943048
66503581
89628696
78583309
53711566
73787843
14145222
59527857
10471976
8592959
17607777
43028163
58053784
4274256
6922710
82678584
71894013
20745715
775388
45026854
56901442
28042034
83979789
34317313
34475217
34335590
22776321
6454592
4329539
73967134
48114191
23896486
88067269
1317452
51106715
38285162
19749757
39089143
56580164
85933394
13076410
21179212
38636966
3120257
53282535
65557988
13048262
89667803
549837
7915299
33427908
39195553
20371943
8109814
41280509
35159627
46802953
21976107
75131820
29694931
59086049
65356978
63085149
1737188
35133147
17996235
46329944
33914520
61075039
59151319
58448033
30884277
55293966
84059850
48937099
46576409
24605637
73961152
83327424
48024897
79654368
6319776
79624382
19317270
23298019
54719203
72316318
45362539
55844210
87694006
33048202
44318990
56983262
14129298
66755105
25061679
23353465
1133415
32590846
13530648
74556667
75996495
80670985
42009506
2293237
82140463
51219569
308737
1490335
36510113
71300344
30209723
19682531
74947355
58521737
67551567
54118030
48753228
46231791
83443891
54680891
21202625
23692472
32330806
36494835
24961803
42696948
10684792
66531852
13864160
2883526
18350896
10605992
68240623
30427221
28397178
85036871
51371143
70662196
18422903
74776190
38964576
68917987
10462568
41804767
88168221
58084683
22087635
26623819
84441374
633407
13027827
51802389
75635850
34764204
28972133
1205929
37394093
62114608
66486076
75628788
17317943
37260520
68583877
38820824
28035839
61790133
32516956
27838397
53414265
7013519
80374711
83526126
35191900
65616744
33117879
24628414
38919596
8429190
38560370
89753396
51882596
35146566
22037603
78205489
17485519
3184422
38090051
56156452
88776312
12472767
69411514
20037360
52098602
48836641
14917380
3815261
89064108
61389414
65958360
24751160
42351230
6570613
11370263
62107128
77371815
1841405
8581376
32093528
13688231
24640372
85396519
73133217
21294438
81754734
35096025
57383319
19764554
43538795
40910573
10113529
66006121
25328323
64059118
66359958
62356339
57471192
67434786
8209182
73073325
34706196
77949204
63561283
72072666
37490832
53920186
26750937
44969649
23712493
47907463
35633485
58308680
29039216
62308559
68172108
30482946
86133769
84826216
42251519
36716092
77564849
78601777
25839509
33497558
79226027
46780663
71621041
69766566
38811444
58220078
58338099
40548222
25472552
7738868
40547756
29529917
5492350
22816257
43083247
9177579
42281544
47450372
75813820
52236516
30809100
17515805
30807793
87967153
84677079
36065856
80446599
76144187
16542510
75046010
59757306
87400746
76018027
28463894
5313976
14790382
48594817
32708329
75859449
76686639
28930446
26623204
30522612
47992549
36849676
74608855
70725373
65797690
972609
88481876
55064931
57749664
50242587
58121476
19195096
37552977
47139337
23419836
37001491
22781959
6136776
15284257
86835885
67109125
19903428
36728182
76752163
35492797
60524489
70268601
66240195
22228895
36158339
71752213
85444038
69337693
78585317
9154433
48006769
37041895
50122670
44206625
14869683
18862260
23458131
28913412
43113751
84488578
67055781
78486450
26309583
60276654
65643534
3916827
59780740
14540006
15360173
8869748
48172921
15150861
65612673
13825608
47180349
5727950
75439810
69162597
28934116
67894454
48551553
83066513
29988711
22959446
60935582
29011894
64139231
36687339
84914161
24961776
79730652
25236695
12147462
32658598
68887629
85317308
15737012
83303304
83928572
60297438
17790283
48862495
52871230
30902741
70792922
67910958
75726063
60433437
34937965
22080025
1566595
30957392
24317290
30192935
37543778
77000436
29681831
84771036
63826944
43120438
83445270
64883921
77562679
23664715
34543520
78725403
21613083
60533624
10572133
58802071
53980804
66883952
26520771
11394020
13299827
70056614
70988955
35469794
65795236
74070201
87554178
25536954
68240771
64419390
42905050
79968463
23216006
29821667
73111497
52316480
29352786
62807468
43912208
48811858
13614786
30476273
47579613
11232070
60462112
9495962
13654380
66991846
24743740
16489169
2170272
23878956
21163654
64954234
32832848
45147998
33902160
21940935
55422495
24651658
21229348
39451372
10826834
16885653
27430876
73186593
3040306
49865508
16656823
51145688
1745368
23963425
41039899
72658898
24594728
84705343
60407307
49116160
46453870
23517837
89471211
21550357
66285325
57265265
52692149
55088125
40234704
25030899
45921218
46696089
88448317
66002794
6393906
1703705
72574548
86579094
2712827
23533723
28900063
51518389
20887210
44096567
69003579
54277359
48930492
32278449
66420425
74468631
84338982
32133781
29940183
53602147
55877732
55289288
11820170
45486394
3413750
62629689
74297989
59392277
8183316
30133567
47403908
63950828
20386886
28719007
74593875
24212826
77062746
67941697
7360180
59687220
44698390
70163556
49731499
43097734
28684627
18234320
35722687
688914
70338453
63852693
83409450
1224486
21909214
16744318
85176398
14443396
17070633
27768155
83573860
19876553
8121760
59553199
56161135
10199576
39885104
29270002
5264442
17234927
37588896
23293214
7192554
86315564
76575487
81599996
33479669
9702217
10640620
75013774
74012924
37027738
49961050
11006364
89141763
66079740
89846600
18869339
13705148
23624315
44234262
85866125
38166540
84508329
59272727
1035173
67605078
86258590
33965965
74471056
26084486
68932046
21971004
77513113
82365685
66954647
7530139
73425925
65544664
58798461
65472059
15532817
38792931
24718017
71972387
78706827
57833502
9800733
33955033
62998178
1896639
80721297
49838559
9222463
14199151
24367427
89819116
12922495
14536009
5370454
24765341
23707531
87721281
34434761
52482332
19031950
11907180
4408814
64271829
84691738
73429730
47463961
5752968
52208639
75850248
12434242
15458109
42773973
27930989
49715481
37920147
81499721
81661641
28466836
47020928
17807717
75085719
7562622
76496559
9313343
65054725
3406083
59836302
13438831
21096795
48735843
47170824
8057432
52480546
29555702
34165586
12591817
76272823
47246474
68311895
27908294
530196
54335965
68823467
30498989
76015474
64168450
13535248
77019912
78144897
82317719
66811085
78166935
50535157
21545123
6116824
43350593
52601428
67397224
81918936
27928159
52738797
66165602
83805568
51643576
76959214
16718810
72698038
71230811
30991014
84569263
5965380
81403958
66231432
33712463
34813555
13303017
86685460
58389788
86960402
42350896
79290417
56118576
58909716
56743
55361822
82979455
86141016
65952313
8945614
59738229
983261
48202392
28585321
54377837
18056756
8570060
44834331
56688960
69172877
40823659
71503811
37583584
3382463
70851060
71211757
88103321
51063909
76655395
29682054
57275692
33819678
51710523
16203362
72759345
86563581
44607637
47443313
89381857
28744519
9150505
41100065
38901594
27625003
60179973
88849315
82871767
50759032
83683083
17546444
34832495
74056953
4809450
28142558
89203172
89401237
28058620
76141075
74133290
49529691
27367882
64256851
2983102
43004697
34191318
86059923
37098813
24996439
25561081
9163819
23342518
76655491
54719116
35312304
15451446
14000055
61448062
88065925
19002268
10227095
35215360
7206962
64447641
5675090
40672317
7806876
16016102
48411004
3845301
88528779
16310298
61442565
46025888
13661988
8719923
87386216
87493282
28709279
68886070
66764544
13837883
76711864
78808072
8368153
5067556
37289319
83449559
37805924
67043366
20273871
77362166
48423519
51189116
38509911
47841278
59286841
32151604
16388735
46359661
12480677
58850420
13582474
3134851
73801096
84859309
69592708
20047558
68021827
51284043
628642
32629063
25040360
65228805
74468411
19524851
23881697
29749275
64977429
83232087
9550007
29521888
82313196
67473884
89719061
56375866
69277958
56156020
25871405
51965842
85120128
70796510
16237323
24505592
2495343
9536554
58374099
42096229
41974488
3875843
20721580
60841030
72284792
84774062
80405898
31981925
74593867
33527965
2206755
75486207
2151899
65640397
41081795
23304316
62781473
71931877
78492491
73078662
12402790
35090227
69556878
37224740
69554358
26737601
14144998
73847568
41584045
71240217
18615118
25267775
17912211
66787365
60069353
58837378
44579831
74910067
14325233
29246972
35528034
41686686
63882623
34300257
4308665
46209519
34964053
28217290
55680869
26015485
2991087
44275262
8589286
75175698
76636233
72212100
55608990
51260266
26147045
49799259
52985867
15319723
45049331
52166903
46043670
55416754
44352273
40736641
39554089
54314481
62497940
69368683
58935525
68664561
20940970
71611706
56519656
81472765
37269743
51283620
49223438
29363527
24498880
17929978
58720878
76799356
13024539
59620184
11553060
18764912
74755192
40257923
43230201
72746015
70774815
10241460
87406421
78582362
63873056
28555683
59897038
79023977
15568991
78043071
16756046
16939870
85923157
54356503
68142122
3657313
21569887
73371464
67906927
21776570
21297776
16692192
78682698
18186257
45525858
49820533
4580437
76165205
62572781
54351961
23889669
29069234
25979391
81401882
65097834
5716546
13865355
73345410
39595435
14238216
2982314
67206658
9157796
82866905
70396912
21100403
63021299
84316385
18098197
25260647
75717539
17347415
71949215
86685687
17719084
81989584
46861226
38787694
30370078
44504216
71575606
89282659
51121959
53999406
85317435
53663644
11329971
11840109
59478973
11677912
46266233
57649666
42653166
39245512
10029263
30467811
65322622
69922313
63056249
12546791
88149652
79216024
29579798
35978184
28442850
54141709
44116587
77739093
14499181
78526309
68637788
59779874
87236926
25809406
73149830
32315883
61368502
53786003
39242762
8325505
82945978
50973761
66874733
55011525
4808070
73575472
60704025
79599907
63879545
59200625
69081625
11476821
16939778
76534506
47198413
85426930
17938454
36980163
70229013
31503242
37812526
58805262
28420693
29657456
2304134
89719803
62659702
40532196
41362388
49742672
85547738
43996499
57339363
43627837
76126105
72976914
985971
5460352
45042454
66871283
17359930
58253916
4457600
9553030
51690962
55936623
44699900
65830578
43471968
56498976
22165117
8655263
3883646
5217283
40913310
4837656
85307553
14100040
77012145
47927868
47844733
79018320
1597987
34286022
51328433
45363411
66980410
56498512
32500566
80582386
56071938
75494657
72273732
16352495
7284355
78086904
75915424
21768413
75633240
21395038
6372285
34450426
77018163
69826678
11437998
58937127
51420998
73725167
20468489
48839048
9774598
49360867
30749466
8576558
67226049
50538174
74211671
59724941
20163240
30104172
27665975
87767454
62915700
10626813
30047007
33581667
31247157
78810147
31976749
46913711
55807805
55831159
41322907
34751957
6903188
88551363
22916588
14856601
82269815
23084628
45070031
39349333
13791720
35011275
2888659
21357895
64203882
25896868
78958233
73446018
30182938
50430945
68007194
65444483
40128477
45331131
3519750
32389270
39046144
49244064
59478976
38780199
28867792
74210511
83321401
60239551
50051111
10245541
30316634
58797273
1370500
3390644
44026858
72148649
49836390
39637264
75519896
43409300
81404179
11642727
37824612
14800519
55019702
51391112
50391003
75529703
35963997
77663722
76511291
82312573
66544949
74188986
25860343
19201409
17873095
59783954
7533566
75238519
18054399
26884150
36412597
54767777
13650623
44736796
73381184
71246389
30805571
65469485
24287675
56042410
5364366
43779428
6378751
12346285
3380398
60622219
69270910
57596230
55565545
74159191
38978662
72885066
54533502
84645440
24882981
44487003
5715774
75584496
35191208
89749470
27694702
86678054
38536902
83376465
84234928
820993
59847387
40992750
42771700
88748479
16898341
17379574
49165426
46054970
8744695
56656730
71503222
14307691
1866199
6709407
80038979
75394598
6193498
34808140
61459588
42785178
37051737
23320380
61380701
74574373
68193068
85191866
41344959
47034702
85273604
28310738
9179942
34059200
9332308
63193902
28401004
74953016
5308581
75844130
85432274
29334068
51223889
54642945
32493199
81780419
23953485
67878595
17799701
88071578
6044792
64075056
79421806
61427770
70698773
69432865
43594441
16799561
46603941
28944002
33553273
9295688
181723
20360289
45933868
75662634
45858774
83484758
41674104
59362870
63897194
63745751
77575222
44709739
2875642
56331623
41533236
68770851
62899318
23017742
52428716
83147955
59401238
72143839
41380740
84548297
33765389
89588220
43610670
74889396
52181532
69684067
70203793
1006277
79245674
67685824
62834
20128229
42591256
53824227
57304423
6313999
55075751
71341604
82851332
89045767
30441380
37786545
7754257
41542563
73310786
60723857
40646162
55783657
64062548
63589028
44742034
44539984
87422735
8280622
36302094
31824269
22514773
63074444
60306411
9996821
41184599
81517449
51394388
44685160
3652118
28488164
61445383
69141415
11938635
83628484
36362973
20963471
80946363
66620636
1232043
10974407
63174187
69163666
67186671
1633877
14898728
70112990
52476009
25299348
59612426
23764265
58266366
21770403
87546431
69417055
17111259
23883654
47360091
47630672
13834961
11161552
61403810
49545740
31912601
49427759
15992142
78197078
87317590
73535641
40815164
32208365
15788445
49107148
23180254
80351734
27796804
35062845
49285137
83347111
1622048
9076479
85262587
26011215
3746615
55690593
19563531
71504331
28910097
75865588
82824822
43971685
6028577
3321543
35172464
3092599
39550100
36866889
78926242
34036997
23593346
10034645
2181442
21700837
57964079
6934529
11245267
73258019
12152057
62436203
74709452
81309317
60110933
11295839
48716265
6590992
29502367
60998469
65233091
45263215
45731178
9729041
17206158
85105210
88512337
67085324
11817818
30221230
43450289
82750757
51666497
53495655
23009999
76887072
71569791
58691818
86020481
77722567
22124869
29129038
70305210
69234007
69312960
66766724
8832088
57149928
49302126
89880191
81218081
87081957
58646227
29920040
49935020
16955146
11814950
56095598
30361035
4664958
45605906
3225315
44101643
38413099
70875982
64082085
73934382
86398328
31600340
237756
86714278
40336586
42576571
5469744
88901189
52770964
7834289
35925402
78934626
47379445
10102663
85548950
58136047
76210213
17848223
27097286
16620126
42550847
78277250
81545974
25267275
57028246
12264850
23048599
18340135
15114757
21094545
21759103
69340239
52221423
64957878
69780767
1583136
2400793
33290491
18386933
73571084
14741535
26797605
24401991
84689912
82859861
67538936
6879076
60343497
21879298
1555084
20286809
29244308
5840075
56825598
74101173
59016549
47249098
39976051
83215904
84562095
13648906
12573935
35651345
56176893
3584784
84627032
13281388
34956282
85787467
52447814
72338727
69163034
73807463
32786722
84601124
24491258
41131059
18556401
75407935
61967443
18866460
14491641
4151615
6674967
68546801
25783013
64760305
88256759
59547472
80479801
11305383
21130048
75935904
69782205
37395870
61657222
60012051
58617367
31128805
61332971
22416049
53077006
72211350
12902262
80365113
44242517
80040898
12647594
42500614
5688066
68340823
40285630
10121164
57783995
20416269
63101162
88458761
63834591
86417422
65081488
64035938
50521883
15202009
3533511
18134842
83387197
66470423
32238481
39755933
10651198
9553064
37656267
24222275
75770931
5788505
73462273
44483515
54159249
52379474
73670001
58418720
42023265
30353583
42070384
52690773
72479122
9946197
85579082
73889677
59691720
83216139
41122169
51094233
62707887
59145108
53665007
71845488
9793935
34633883
26811175
83013061
10256633
20820518
85832957
61490832
16340984
54430496
44976264
74269961
37980070
8478871
46898155
3894396
29423739
44334639
79265288
59458709
52754657
9395511
50157802
82430134
10625274
54709994
4102030
81748448
36737470
63546462
31718887
2268245
88992464
66216710
9941047
85079021
57122298
53597801
36334338
81015601
75217617
84438656
18363225
19462329
3492261
19570728
51077399
89643920
85913504
29584085
20832567
6445997
67293002
39737874
21808970
32055591
56377460
81110612
47697287
83379855
25914843
34620413
45318302
30776182
16994431
2633012
45857739
87987242
41185829
38753459
20085809
13535855
59560873
45763114
44022421
18574382
9967887
81943061
6111817
14228285
24039543
275415
18600854
13911090
47005994
22614201
54790797
31872947
64402486
53647924
77341812
46776050
41714479
8692255
89601741
67504824
55820260
68186171
72864851
83762056
63811468
83402363
77403955
33992559
73537423
6231988
20118784
73471822
48170966
86901121
8398587
51465519
82458526
4322684
26718077
78933351
66105892
47953085
59100635
76810757
61380983
43560811
68583037
80442367
9386860
85663108
81928286
11019851
52139594
33611530
45729834
19820367
24803371
21075323
75708426
82923117
23017607
88002418
34907765
53574569
52440653
21444359
35744626
50724447
47293424
3246736
81238954
13474569
32965245
47029599
68847588
48711437
42692964
80972259
82718844
47017276
36284555
55468646
35200975
16855095
68860666
59064647
59794058
15194837
49283122
84660676
9149414
58852523
65950514
53164068
7118835
70685200
57937058
50035436
5423730
17686237
71024966
86738272
32162436
62871561
62205309
32107272
60747865
68764167
27736520
32059947
61350806
49450615
84276541
26788030
51048480
29021245
60522816
79572360
37672628
25830624
58679346
61872283
6471366
82705215
79149255
5427027
37420690
11357368
62981657
24060494
20803710
61348769
13401154
87566290
32383570
82505024
7737438
35634697
71440941
71664494
5340464
77511988
45266582
31557252
53891131
20910991
33249264
40863508
71790069
64335859
88773965
24496969
12025782
8347030
71017587
75769463
8854493
85123376
1924569
59059766
36257604
73459724
12611110
52807692
17285726
50474028
46376362
10253857
14397524
15377457
2000502
69965692
42037634
58781727
67718527
3757777
12726420
7543133
6852648
57236910
72758334
50972599
88881908
14928045
30025773
47528917
1900295
43327087
45304978
71582820
1852084
47671601
71369918
4369856
54782580
56346109
3745028
88632449
38148581
64458723
57199287
87952084
46531607
10784962
70816513
89643115
28115220
12102834
389107
77014457
61254396
55726272
54399558
84073805
42750971
68108293
59519933
17078525
76617344
61231019
72138595
58267807
61671356
32909651
32800480
86242961
27830100
85113305
42521579
66451317
59548313
41653001
10606939
31481289
84129865
72619971
66967860
67386297
1374576
37048585
16256355
30844975
47938866
7144776
27426388
54989658
63763402
66287336
67122065
16437720
8802210
40383162
73699493
56673595
45054451
22865869
88744375
80648883
71636210
12066354
40209128
16659372
24027496
4607727
74672705
71779608
18698681
41334690
61198534
1481314
54581228
55433292
71200135
28555423
26843850
29367864
14989697
89046972
80001878
72682559
61876889
55140622
81711487
65891419
25056452
9390503
39771634
48387959
68306915
84495428
51484828
48817655
74011747
53866384
8197589
35400089
63203231
70143489
2790030
83354456
13941032
18426275
57083907
17797726
39253803
17816965
28443183
48320138
32663919
43486015
67644944
74617081
1469299
6852920
22642828
70804791
14522432
51884627
14926009
64794723
77436384
60710184
34118771
13193176
66193697
60487010
21136487
42903814
72549139
67223844
48791638
6302083
79880256
80693285
6318257
45721905
3671572
67115069
32305321
14603202
86551939
64245940
3187528
86183952
85004694
82184752
61458687
30258009
57744057
72862017
60482585
33320840
77151857
67438017
69357194
20679902
26850154
82992765
10113089
77160131
46821653
1014018
45583793
59769184
82999526
5958126
15861174
67159293
17778985
13599325
1314434
37312818
31034085
80152966
33246987
72631843
39663742
6991953
46130909
44454598
6930958
34411513
63779628
65322451
44296795
31848973
6287553
31600225
85589976
41066915
58001882
46963508
3431030
7623291
55114857
28467845
81755434
79173944
89550470
49737354
76096143
31970750
42389667
64060676
55947915
19129981
10009023
10113949
20965363
49372524
78633787
68997797
63494166
42638847
56819407
14621027
24930412
10692503
73668458
76524600
2846507
8673503
15720299
72648438
35893883
54268423
85913526
71921973
2994084
23135602
78307771
26768238
74833274
81422904
82963412
13668056
21948286
19215894
6828311
69545268
51458845
69077003
27576620
29922590
23082999
2769780
40068079
59775378
49949045
66964551
54328427
20261880
75241947
46219196
32384410
81048269
45462154
50346475
54755166
76811265
957702
50999981
26750938
53353416
63446652
11737472
24224695
28787065
81649773
15563014
21267294
64306967
82727560
77399500
35622940
49682299
11758288
14450536
87911828
10156711
16624041
12552879
50334393
9596915
4238627
55912288
31415413
73153968
8214440
51994981
76363800
63570017
7379965
26637729
62443429
41921842
62113814
80007582
23842505
1775923
68529301
31811406
707777
24938300
60366276
53937063
39031841
35595530
77829174
31589147
61012021
43022294
17834998
46911612
60313597
80940540
36991992
49067826
23589939
76640804
89739511
55188377
60427482
64728373
67431531
85414802
84960855
2464890
88738880
77059889
89731761
79765336
88367913
56799139
38279058
29196012
33546252
35470988
15336202
23285013
86077976
19766719
71946768
84997965
82901677
5083867
62442227
28301288
8447317
34766477
72545264
81539440
41359302
6675802
77525744
51942694
34026011
8280887
51971581
20559234
39701278
34296467
33492991
50800671
33995332
37662005
17342299
3063189
77504534
89083249
62971427
22882337
27608892
41640770
70140517
66274084
52520504
43991023
84801625
51046707
48179910
83558363
36234355
81295214
77407454
56007112
75759159
60691446
69729980
3967143
77487607
70979638
8618190
4375894
68287024
76569180
62285658
54498781
40959768
75983790
81241388
46466436
36288643
21169733
52595451
82581720
48718050
25200676
89667160
24522436
43380976
60177476
63923971
13014726
19593825
36976598
89005606
50151084
18129125
32027695
79261637
60013618
45493515
35531497
63245672
17307997
25165047
80231382
76590183
55442743
85327160
62379625
53197966
28572114
82596562
18788985
54178247
76425126
7323034
72085550
6245883
50985196
46123579
31704333
83340754
23331306
2461610
6966476
10956362
40682627
4045735
59396791
53674543
2445031
21826782
69432202
35734425
1042788
82135346
23226934
69041188
82235634
4092582
43775726
45912008
41896186
18467672
45891891
44557946
47584770
74042658
52435404
41778081
74607871
8516944
15034521
53825516
1911979
20613688
13677203
86833573
333364
42294103
788483
46494104
12104666
47033499
13314685
82349845
67535281
79788508
55527080
69205359
22646994
83493794
18955109
78043703
53432306
59141225
74167491
29145611
17366749
37025466
79653339
72454539
87139132
11263086
84954955
77285811
18704953
63703934
21879530
42933459
59308826
1920083
86917868
8106779
28337922
48189689
84618395
76097143
8474322
10672665
4470794
20603886
11144499
20479772
58588877
87121229
73727788
13869064
60331947
68061184
80069135
87677811
15706382
53356590
13245219
59594839
58437650
4576958
48934552
6880049
10879183
77521734
48143574
45716213
15999484
42915341
26633319
20519692
44978720
8308302
7658707
78989049
40414466
89150007
22676652
12370849
33523881
24603181
59596210
17898195
4442696
64552619
64118119
80867296
65834723
40292013
47021888
75829760
26966674
22606510
17264087
20979090
28832812
58705463
39646356
8598985
35537224
71934059
77849056
83424877
65467034
42818872
37733279
80355122
65495077
82234263
50889647
72559323
20048087
36375878
24716301
63854209
32074179
64326110
69404802
5189055
44322774
46570403
5615565
38401588
37322561
50258002
16078759
14059901
25470466
77237810
78307070
82908793
80133295
33396110
50882713
31216514
51548781
1233693
43927426
20355087
59857510
32903916
80751215
49159017
23515077
83514454
48760698
42908066
14563934
53435937
63049912
27781443
78895107
77278901
69630843
53034042
58965819
54832739
17651971
47135069
23404682
31236303
18345699
81764445
66075861
76724674
86043147
87751349
11955708
23499924
31858345
1306608
32631363
13441548
77489635
36906706
42306689
10371967
49609660
69138461
28414973
63540505
69761947
74054084
53621959
1492879
5547080
28434610
82579521
10779690
39444071
10925212
61211456
69222308
69244200
13477378
73289655
37635564
66627872
42050265
79667434
77448952
18628257
77529665
63680618
17843283
26232261
83159477
5196676
83604805
29713448
68928159
76614466
4707006
33108076
82132397
18741969
13046624
73444830
30001861
8611111
22909458
46213660
67606842
39377138
25553932
19394708
57791696
82069077
30664949
42903905
43327733
2238547
3850782
63951711
57223908
25977642
54381884
19399699
12740235
66296914
21528186
55449493
4228986
4455921
6763756
21253328
31003446
19765293
9365346
77084582
45967550
4307560
1672963
85849603
28721520
79990601
80125744
16979016
80910221
58254622
65787501
77066781
28201640
65161608
38703307
31400789
5956917
87974045
29370593
85778610
59562980
17955055
39728302
76726557
57916684
27555376
68711900
48151244
44420107
42461116
75792497
55535119
65832788
20303892
3937563
59454644
62635893
403133
9222650
54119858
47161135
10002298
80193163
69951850
10118055
54389935
27479264
66959171
86915251
36615832
69404852
27887696
69250174
58841262
34389253
66483623
68817553
15036312
81755245
54243854
16474783
61955879
9797854
50673148
48299434
14760769
37583616
71806275
16684606
68948154
22349110
62798963
22583341
48318805
22308789
77114771
47817254
39958727
82862863
62725260
73399383
79221927
12497085
1861771
38117814
42626705
45505713
39229084
14844366
11401008
74905369
9315853
24827643
63721994
76946244
14139172
22129279
7863477
53102752
3867604
43356844
7639515
60684919
81315967
25345659
77044358
63002274
80487877
88768140
44280564
54008735
32585094
41887090
21707762
4675026
67213427
85416864
86925563
44727824
73942319
9818675
88382573
85897604
64857762
65934291
48509487
77663833
65713147
9213202
60590344
81104107
55077193
24337108
61387723
46359815
29574577
29411527
12872208
84102780
61916182
80554886
58608316
81473049
83905647
32372157
8221011
31556806
37866328
21437957
9646160
78195748
10457812
81203845
2338388
60036443
9874611
3645433
55096398
10956712
22894951
35106958
968736
12309845
12199223
89288325
40201437
33460725
71702151
4090229
75797980
65474942
35496233
4214294
74795744
55466702
8944211
36996677
75371280
8205859
13195348
1606086
51269083
61075201
69466425
73734468
59841663
31109393
89756172
41180567
74628488
85929306
40286273
2754458
63615425
35939425
39331223
66437239
61873363
76175649
12064205
1251047
45006534
23311050
8542814
888620
7965668
6624111
50536680
71233735
33294148
15364667
43572811
6658557
82791896
12435943
35845211
19862120
17209671
75060892
17026962
73203268
24952557
40491175
61556220
37845135
72904183
74788893
80668104
69581059
81647686
46299095
21825698
26111925
65048963
30578695
79681552
27107597
45416049
68425290
72330133
15119094
79667617
30013218
30153905
39557594
56333903
9192753
13208594
25440316
77716725
59100209
38493333
12313810
15284388
45973376
74944132
82848818
67065081
57518592
16063772
68451978
17046506
59293808
51080494
51973101
22900876
50344276
83279415
28339757
81914826
84162615
32568943
47271619
87183528
48478561
19779728
35504005
79108781
10902450
67926635
32113117
49449680
5760227
64099807
46270098
84420037
73802098
26257781
74269513
66166675
60305622
58874179
10002102
58098356
15549344
8716958
80849777
70306170
85387166
39078363
70590766
51752765
56085526
51685229
47860717
57810704
23966630
64343151
66039816
89023547
39174636
16269402
41335471
14304290
75804238
79142912
16262064
6688137
48115811
35324038
13405261
77338112
28710112
45487596
80874378
14382319
68021574
35444261
16579814
46468355
13175900
68556898
18652737
38921944
6398269
46213871
33197136
18743326
78098262
34171848
71762500
6420813
59996961
61379222
12114386
28956168
45092746
9942326
19101239
86012635
50585945
57457118
75798849
55010202
67566253
41937830
21883421
28558333
7849420
39798300
40620658
22865518
85097084
34216666
43021240
89993752
7651819
89986320
70009082
60849542
48458159
2069655
31806237
74579100
64482328
21158451
56245112
39029730
89624482
30626666
10240715
5352554
78374346
15374672
56270934
54668709
66585400
83426422
77726382
31187728
64392875
12253377
61208287
24894415
78627275
56658250
42973373
11596480
77329113
63340396
71941971
71458562
31041682
38866588
60058987
57938473
87377492
40028337
75110109
85149506
575312
204576
6162176
53619301
6434673
46829222
48511006
39546654
37725577
52834057
81195924
46464823
23706446
63100462
32618591
86296826
48747117
39398927
81884547
39621227
82112233
69490442
4485362
32198718
8059995
12588713
25937984
88248939
56954299
54089497
88395847
17616805
60347903
71059256
11321569
32174138
4016488
38127951
13803063
44663169
69492504
1144104
29875036
73705796
34843057
35418126
61194028
23560416
3200019
40029156
23436404
49614199
5776064
18054276
33602263
83373277
87431182
85036497
15907292
67454551
44357880
84084199
53427875
1631712
87201548
41437658
73006063
80384839
80579691
21458532
36670720
41823951
4246465
83161076
49229604
2011940
45162071
32301086
65335808
67891075
33143607
814592
69863875
9889038
58504702
72096890
71494220
77702207
64720230
83220043
56507762
58209310
71340254
70934880
65239699
2338034
14034097
18932856
10412563
88097270
78126045
22427881
25248891
7509829
65620123
60921466
19685199
44266517
26833094
49363082
74123477
80347557
28074956
43605461
70389292
69873418
73611916
40025352
44108912
39359096
60412050
31046936
48290718
73920413
87324267
14342429
60665121
12829798
66340879
71491852
75779430
72750162
36288804
68600009
66447486
46902263
80029999
65617351
42008628
12912920
56023805
57956770
45933130
23786245
39456694
58874089
69729312
67814895
89421247
20213419
25754609
82790225
87189858
28177559
27582064
5288455
78655107
21521409
19515247
15104063
53703082
18720568
79770102
69910168
53657235
73286190
67212957
21058239
55628058
60370880
73218605
83657571
45193080
52823415
79647123
24621357
68605570
33333383
12274046
34852036
6055784
4811807
86085707
37664905
39717553
88261666
23997494
28610839
74267353
68394217
2498689
57102137
74541305
29691158
81983528
71609980
85531838
52859211
15172457
57875825
14732651
52759518
75196447
45511749
11369665
68660752
45211452
86025143
73678082
65228164
85319927
2377634
89786346
56146024
49694835
65189406
48941632
84060040
76367595
13983157
46745495
51757536
82157954
86871969
63672244
79482414
54020277
16503113
13632709
83480512
73882224
40565171
29112829
56607188
4009619
65862011
61135412
83134105
50021611
58249199
45756242
8875795
62746718
82602754
42291518
47095607
66769616
55632845
4883122
46254780
84043734
43706510
17288722
78087729
74458757
84133522
32807357
54357469
31399366
19978322
30235405
43835261
27686746
18681415
48801768
15106499
49119226
38561362
62469860
88406908
5185434
53345599
58315598
67854577
8623695
1326285
74702120
74115672
68344649
76619842
12928948
29394151
66216320
34898349
45982875
35526438
86034780
882688
44235033
86875954
10755181
8402649
7511337
78733404
80090179
71434307
43205961
11671587
62212183
87098590
81473957
64622513
17802342
75358063
41380733
3124102
3686902
55297046
64057559
36161694
35950424
71115816
84183197
7966879
45983373
21142243
21860450
52953079
70071841
49911111
51092087
7383883
54109064
17824064
60456641
83914924
6096573
28754069
84708020
59817510
43677502
843499
26821469
11304581
67064545
38986902
80440923
37272744
45013012
81212824
12492114
58282618
38586993
70364881
45683286
29276294
34390511
63184590
9595995
7376642
86801510
30828175
26559132
7720120
43026373
55826050
30784965
11923631
16839043
74235735
42733188
88446746
80767331
2860399
74694524
87589502
46511004
78058841
43181932
28530934
70707538
8370590
53138078
80715171
6617872
39917970
40053525
33825181
85828833
89119418
65439209
86457847
67821407
88158760
78666093
19624575
43785190
82923380
68329155
6255722
88920468
61037786
85674476
25262607
63370437
9539946
18709801
38985440
43366526
19394179
62821410
5294148
22885845
41108516
74399919
30691031
28991721
74408946
86912969
32982686
64079845
21645931
54825501
4248025
85377313
37623402
69422978
48171143
3010035
52651081
49156769
76869497
88026246
71241710
55599990
38991246
49744240
65613954
79200787
41015037
28518923
84416292
59547740
63293069
81629769
52236097
24695619
88221963
11520849
15505380
941404
45202989
44806610
29946224
82236148
52428045
80304839
8109268
46153893
36734978
76694004
60185242
73772821
6333523
28714219
44825829
23719923
21123342
53993847
82736827
47486591
22024182
42011835
89536184
80021863
53027319
68609208
48816743
49822405
42435682
84098654
5834756
68952591
68969497
43023528
67188580
73442053
52016815
65337551
35005544
14308196
29629350
58367964
71788462
51876062
47943719
76434423
79011326
1355390
68431319
25707132
67717676
87467549
73140584
17010220
42602088
64929903
45067160
47117075
50107010
61087755
60305460
36413541
57590221
60105263
22024542
11750061
20397336
24594230
3469471
49578214
44757613
88675914
62928152
86334336
9178906
53083363
53050161
45305237
59672763
24881270
32818010
79545496
52682345
34273388
60758301
20631053
89477215
22915489
7857450
20036784
50619774
54338940
19742484
28013711
51966193
31293235
23906417
67954535
4098913
35896806
59319133
42973161
8721967
58735895
29926910
16839928
45271131
59605336
6589470
63229801
62791288
59921553
7054535
6689345
46560110
12819642
18735305
11246119
44291497
11549644
74919734
19288969
68105901
82837897
16437356
9144286
12983515
71317893
41335722
26234849
29135749
74732320
80047951
88987872
50245169
22206746
11268306
52392456
14951700
59911872
84826444
4415037
45150879
58498665
45614950
41543340
18520959
12443333
54637926
37237045
40036707
34389976
64915119
32047969
20155217
37951500
1171194
56074076
87689856
63951784
59328783
63199535
4840370
11626853
60616920
54750868
42783839
38431850
31918905
16442348
39240538
87366380
15227711
60973025
44751743
61765663
89223846
80748412
86525243
69410877
15319282
31516240
39786700
40967955
19077430
83578966
7507144
46747744
442489
35906340
67431484
9053458
12225413
17713647
86269601
61142477
63580535
79695113
88395
76805119
37156057
50748280
4818083
3902426
21742243
28098159
21708537
40696007
28836677
5788131
34371265
24321731
51290376
795455
56633385
9484335
54389925
68456861
49379354
28316343
82419069
20570168
75541537
8369088
7185060
71782042
32300491
71135248
25120596
7745753
37313725
18510340
54807727
44363119
61533691
12671741
63085951
16929997
53681023
54762243
2095918
28998685
56878663
68289689
33489881
69222501
38266600
71493201
10353934
52735355
87673049
5943753
56795445
51886535
89865030
89395613
26300345
88107836
88631568
16031440
60226896
14355644
10136202
13912065
3847317
30297582
9138373
50281043
53017925
69361953
85391282
67081336
41399182
49715796
10638436
47065746
89249063
72121893
42777842
45917613
18514151
64375334
72266983
80278793
82401393
34709792
75972421
81316165
40424025
70659512
2305199
70990949
82051300
48943095
12722749
25731019
57349633
40349084
69244490
59341136
8545388
5496110
41016985
80643392
35567996
57763377
43525238
24821651
6136257
67073412
22394111
15995233
32004093
61561361
45617654
27551106
12495256
575333
80045624
32366273
7739044
50420388
32543428
42307039
73048268
31279272
24988846
58636614
87628842
62785055
30150847
25330159
61772603
66766071
6139784
7129678
15632660
41889423
85717522
9011746
50397968
16987618
32137880
88522049
55640935
55130268
909814
7548029
30831467
21551990
70958507
50018562
55611004
12083113
16211212
2364924
76448607
84934045
918743
11281277
38984513
78040934
64456608
24240732
31927538
9538307
29954586
76622397
40610308
74026744
27154284
39507235
80677814
33342127
3036945
39486860
5870754
34020431
53243074
43563237
76681029
41066620
48067373
89856127
36581210
38573801
17264450
29749313
39379540
11454563
12049599
24645365
57812669
1327612
73528771
6909364
68821003
46564790
76598305
65528669
48017358
12182686
17140196
6990932
10206415
80418798
45756891
52659051
2248671
11944597
33028436
62649526
80895261
84073205
45278897
19888088
15463717
6985645
39284650
41615737
50830411
76312581
23813145
33015864
74394574
67094170
30865307
19465029
81600231
1930956
51255048
9133037
62056629
28988556
87770348
86925111
60416323
62773271
28005649
66297439
73649353
8747148
3499077
11261372
57579303
10196184
47282145
84884061
86701133
14710777
80787455
68297625
76646927
70973091
55803974
85877034
87605986
70033938
27963906
22016280
83517497
63764978
75833462
88514913
46037306
38953066
72951791
59155535
15638440
38758737
55200223
17794784
40932703
38010034
45731033
80749642
35641734
53895220
3902284
34876880
14111473
51761745
83632021
3269886
39621746
78393365
9728310
43996787
80231865
76889172
69282584
27679375
81398575
75561794
65026938
58222330
70558263
31931795
65241749
82417265
39792638
84596107
88365209
34258224
50048864
8367469
32111779
20362853
10562991
48958687
16059326
31894402
73979187
9449293
19371631
75171131
16920585
9710909
39858442
87376814
86884827
53829644
28645605
31868941
28761156
2410802
78420188
73112724
52628239
15378553
37368384
69513285
72703356
53806454
31528700
43150620
8377206
8029581
58753186
3780390
32756745
86854268
20766679
80279100
66536132
71469126
42943883
88690886
44739771
74145508
72218067
70719507
649967
24419255
66406554
58801770
75632821
58718810
66407705
82651545
48544848
11584167
28518376
46570806
31935977
25868870
40175855
60528260
70494929
12859697
9055111
58714896
56651284
42914998
34416157
28653454
50394147
65241453
60618995
18195629
5803995
21382177
35134215
86334275
12513850
64255333
55050436
43781294
34259766
67598372
64220531
9153341
15055179
83513341
66182957
24202158
10850720
17540950
29284651
88008206
65818863
67864813
48270734
32450769
18141430
64494561
85915554
81910015
19921023
66306592
89721675
8016138
39632097
49256606
40470777
71431272
86589701
53471316
49628035
62748527
13670243
46548609
14221871
56484175
2032662
14354634
85184502
29200180
45764397
8179316
13917373
73929422
7233990
63224872
77491722
60222889
50952433
37055941
85759537
88639213
55827602
83078155
36508887
977769
59320222
78809658
78574361
43223312
56109643
60179208
1408102
28488188
85487269
47860912
71044296
23300370
86743692
22096355
59179066
51349471
56725651
59818252
34622074
27529121
25860130
48529582
33617770
79404923
77162920
70502958
58075356
84618204
16694676
69713482
18305316
49690037
24791211
25250205
6685236
24934868
14931932
49990890
46908360
222281
493149
71814303
25244113
69667062
57075541
88114922
45486796
65677599
76977523
17443751
53659907
3113477
27660705
21134729
34912869
80082426
80052599
54123435
17569271
39711368
65208082
15787096
89703918
51851286
46976890
20352415
40638719
82728476
84372109
53860298
87620333
42783497
81188753
38372815
29359088
71817277
9025643
34542662
33943212
60825240
65468154
47538302
58166240
83539697
40908163
31336614
63110850
55856854
31058872
44618113
21603154
52510962
88830167
28276674
88853984
68378024
53958667
42774540
32905549
71810051
23740184
17043462
53397163
23728587
42496770
17672783
58229178
53465403
1066023
25749229
24255585
45643700
63436271
60753109
79450482
53220914
11202767
86735912
57074554
76074977
74772164
19703081
59248901
34958426
45773149
61616135
87760464
58918247
29499505
13657518
61962199
57882062
40337378
55703503
57658009
85427937
69651276
76767758
27313805
46365776
65912680
50249668
80233234
34049499
32804605
2071556
66509480
35300017
88276309
88531662
19638164
53741010
45332602
50943360
73846886
16612569
8439020
80820453
30761989
74919411
18988480
3255056
15068314
81935812
33985349
66096558
35023894
54291064
53055785
84131960
83026085
1033371
55282051
57175776
39732290
291318
67036391
21188934
67382410
53617243
39993929
20018106
2689804
79597883
17880685
69619529
4439144
7677757
39779184
8275019
23741723
68527844
15921283
18043581
84413788
56302028
60175061
57564056
54350613
37691256
41925856
67296218
82452034
4041270
58804887
38450505
24925929
68989562
63450573
84366703
57794881
12795616
14154983
42071016
85558492
4171669
89328642
3497104
39931968
31102166
19425725
49114606
86458494
77047216
26580100
46472647
48559377
83758817
12803441
47551203
49550515
40451598
52066094
16820861
44513352
89751956
25986146
76512661
36930044
81918320
59223234
68678261
1914292
12501610
66340942
34463412
51604619
88453193
77917683
76058342
2104163
85260623
62369084
56541400
8781386
84110864
69756550
10085008
80601924
20187249
51455528
19338552
1557729
47384406
10824637
53671060
53703907
89273752
11325898
60864424
64591481
43984049
33871693
3226918
49262135
75797841
19591823
83411971
7793563
17494812
77362570
66023079
88558705
65425626
1439748
14131793
32917475
36139091
11548636
24895108
52003169
27843625
81933557
55422731
86991622
7665335
28496013
45125910
59004844
63046545
75675784
75416269
50716621
34470264
68211007
39246512
66331026
29960858
87705387
27716705
71039082
81455854
32419074
10420159
16195244
45086302
22802675
31517997
62780719
55091091
54491934
75788333
53837380
38870122
54812386
30783621
52290627
138683
78782714
9547464
60881250
20766561
45587276
64721329
33923100
56960124
52844865
14375338
88275889
40435374
31314790
71533089
44977800
31396032
81783394
36122894
57392315
3880069
41123931
47133749
67893319
58184410
76356207
87187873
33405276
49747045
15024315
62531618
72780408
20880679
53239729
84830034
84110318
88418420
75053396
41066078
55775595
38338624
25236519
48836786
85217003
79623854
79686886
56528286
71107888
69257114
75665962
81919524
54201951
51194212
77198958
33011052
16223979
61362287
12184396
50474283
5775438
78309180
60885182
75224773
50033376
30999945
65572815
78894391
34735359
89329723
68408375
56763224
47236496
62000950
2631946
35577100
3487006
27152593
30025771
58002517
47159409
31784625
7551403
40600006
68730241
19510409
952108
14491067
41897499
83166466
4191571
20148109
57122227
980734
26821227
48783177
9083295
50664890
87555571
59163084
35815802
50412740
59620287
69397324
62826220
9081848
62633538
40519622
63978836
27270633
3948194
58457742
71070675
12055425
84411591
62801035
64279229
24865724
64378083
17964529
75086599
34233231
88042475
58760678
11913526
50717058
80543615
15227841
85853842
47967712
57718889
80422215
34971332
22829000
32611540
86276798
5229070
63438244
71507703
73934161
81073220
56936303
15580559
68151182
27070303
66892784
63446502
21775378
7329241
1449514
75206859
79928277
50435600
19955195
39709721
38732346
76377484
3169432
58444397
70604870
81482498
61442318
1133147
42722331
67815884
22652586
32833996
51267471
19456037
72000915
30030417
2313735
22099533
31848894
20137913
51857835
79005996
81976259
4094524
27489714
89349848
27810572
11552022
49321443
69239762
47949452
54080095
81998082
63617208
37001371
1576728
531066
65157324
85904825
75151403
1869924
88813537
17408808
61419861
41122152
16957189
40715819
58703242
47246500
86667466
6902496
76407696
88709165
50302452
3287691
73331729
71965842
20336103
1484336
59608108
30211047
63522137
34313662
39911751
23607800
69347990
19224554
64996069
10879423
18329921
58106623
64194800
4606817
70861424
69242476
1290708
31353502
11842350
45888345
89031834
30532155
49357856
54817619
52540982
18356093
31448639
7983458
53559708
21581798
4422793
19827237
336549
68294733
47855650
21887619
30697461
18382674
565891
16984669
49275346
9165547
41084692
52981424
69438859
63280407
52715226
81311847
37869955
8465390
65460890
39799786
33289563
7909890
6635579
7466575
15366735
38253713
62290254
42855523
20579242
40903279
72530104
88047541
58378489
55522107
19688764
186802
17873058
18602404
65496528
21971419
842905
74586681
65676123
65693950
57679115
36990261
28701114
47901977
29433804
78065339
32799111
61092576
14186336
7730743
5279328
1635337
19156850
46760328
11108265
59638816
14352790
5892417
65428322
76042295
61435674
71331404
24439577
47549153
59840320
21885888
42618165
9962672
25381676
19188005
84029542
1451766
58719754
37554664
45128927
60769471
47898779
78191936
54732697
55348634
38030763
75506311
47303480
18896568
89633758
12896093
84736563
84320125
66969493
18409240
73357288
23895013
75119075
4380202
38991369
1456154
73673356
26709546
38697130
81621309
78838381
40287793
13017745
34062832
24866497
74355917
3452482
63663407
9766282
41100859
15100745
11496145
88232710
71848322
66818743
23362726
77853666
72584261
849311
89086460
2149049
53231205
66594791
56773724
31171115
58948811
9052874
49710013
75244537
56697591
23038865
708927
12751499
53135746
54246729
71122599
25373093
73765096
63975880
7434341
27942490
55260141
47103708
53552951
42627610
50352768
1181050
41567019
70214246
56487652
21347608
27230675
30804562
4526681
46487991
42790683
46025761
14814098
73402374
73330087
89939960
62827515
12084290
25460831
31724629
67236145
45940809
81634756
29216950
67662290
20178878
61412361
58851757
87569717
17299595
11323926
16520123
65191584
6976687
44854154
87358184
67825704
29330253
79553645
12588506
67803669
33837514
20542330
63967873
72229585
25142873
12478677
66344922
64672170
4907695
40076197
62921059
89434362
53855586
61454599
89634798
59386806
54863245
82684660
22011229
56830299
89035361
28099996
51657903
30299417
84843398
65088091
43912342
49291589
81339839
89429043
18858787
18763809
67520651
64798943
41141594
18306422
50706100
7413789
70728069
63289330
84006360
51967443
81356934
62680480
71404527
61672779
74160822
52855739
13699971
66613841
68755658
49490646
40281699
24232477
33047418
56092710
16156354
72885635
15278232
67988129
22469797
27414195
24195807
79378132
40762877
81632012
62317058
36622745
13169020
3212541
41316693
69701718
47705526
18161260
82319535
15647055
34613156
13071242
15246016
30265412
48589808
8862649
18766391
7879357
17377719
18947085
37179230
47700287
7223189
68918225
2921198
85326991
54732443
68797344
9385508
5492643
81812651
85735953
40191914
69486519
62806476
6059807
62947605
20004364
71998408
6219288
10621219
78735165
11463451
60340891
7175352
42887771
73575932
21358044
13244980
87020653
17840911
67009369
43084247
17835559
76926832
88197457
8148551
67712496
21174
50168503
45276659
27635269
59325028
9749401
9222414
77200048
25596619
39158750
27782361
16853047
2867795
35788656
20385303
84960376
77016726
74762289
34645546
22021366
54511587
8208336
28263662
49298533
26167426
1688010
38904024
76608311
9633969
16147949
40136874
28106966
85561469
626744
19461407
57727721
11119318
27785177
64977317
37440847
32863767
2527241
31636497
65513970
10278901
87503103
86671878
37233879
35210727
51608207
14828037
38819703
56158550
83175675
60111741
48808774
19957574
32723643
68148010
36379180
45764970
80711902
65083687
67967607
50040667
43989802
81616910
20306783
80280808
37979440
67712648
31854471
29378338
35555043
23296499
67650424
42935826
89302429
88005801
32696574
12056062
22145620
85505148
53452478
9005855
31174108
49836033
3168354
24355518
9423186
37433507
46418182
26954153
44206306
12751430
68265216
3205843
33539622
67856037
3659364
31428410
29857855
10562252
40560231
69651390
43917785
52350564
18085142
31361490
13697268
55768298
16707214
60822120
66161995
72050163
17644698
30012098
81620253
67202580
83574949
83313864
23075557
66124730
77101048
86343223
15041576
30023107
56095924
46744289
14733593
62899279
65954676
74492522
75963805
66978182
72284402
67869236
11845414
26181579
53133656
56080028
10668691
51717667
71907053
45429800
36622691
73335343
11661900
80958389
27718532
87057454
38555181
25708783
73838198
52191567
37156765
59683284
10236401
39549922
23042085
46670051
43334318
61192682
28809693
83692754
41804579
41307123
75414218
53948975
4756751
75922057
10950226
75407320
53328416
19697712
49076792
33252962
20899212
44882034
10777612
56562284
5599863
22354283
47562805
80586562
78083089
64168616
68383209
73353456
62233620
32413925
89913916
77764161
79286140
88178679
67802174
79665708
88425976
29498856
54535935
36965581
867200
35830113
87187254
50105237
74057228
30648236
36753100
56660389
77781364
59968405
30719566
2472167
75525544
64772138
12772075
28085126
26366537
9973910
19059498
87549789
79236965
59499739
45462251
16301500
86767408
64338452
51842580
60980588
16151544
79415039
67592803
71370188
21315470
83104657
75303851
86682924
28499709
79224578
38968474
938737
47404447
42162402
7611661
13538979
7399903
58730428
24258270
73596503
57782550
13607704
74100000
87636627
89646586
68189208
58936468
33050830
58643143
74776132
88473739
75064828
65979628
85167878
87239781
45014974
61830172
27652460
21157789
13358989
54081934
12905121
55413902
42658021
13506099
63907856
3733452
57536551
47577478
34572160
59018836
9586441
70519992
11973145
22589161
20061725
82453277
74334499
36821201
9991650
52252253
18269740
61327521
78123700
22019312
47415573
70042531
84857624
45650701
85534419
931086
5471314
62972678
39856395
76138304
43752031
3843372
14418912
63167154
22284767
81027142
17681490
16579497
71101033
11768189
46305761
59583705
55483033
8119542
86360528
83273707
24057314
63190536
6002416
33300367
23291497
46754967
68328954
82924426
17568255
80620186
23078530
71987976
1481174
24486938
35379194
64689855
12018805
68072486
13220087
45604711
54427110
84288086
17840332
62988603
3938374
61940418
66682547
86359830
36724426
42510308
43672377
53103953
68715290
69415377
54748313
26841133
50428600
37540707
71674857
47381254
48400710
56261262
71609488
10046759
47038007
73126342
52907502
5543660
25325544
2248079
45253579
37603118
52994097
69267834
58059317
11154507
19655864
20559240
16538854
39283487
84244539
74347336
75963200
10456793
73391585
64917134
4502213
47645615
16616695
9877908
36342352
84050994
949002
75105583
39403869
51162485
11559901
51796215
7516041
1200422
81621164
54255266
8794750
8814264
6424360
71190709
77938226
40502399
10311588
70585775
65403168
35482499
32069578
84418845
12332177
86391295
69346168
88579452
49141961
83413235
80778541
78726065
35769023
26980928
20694637
66411554
55011084
83038332
57430243
78252129
49932365
42019544
9366623
65003472
84705810
78552091
14022736
85724499
63781656
39829850
9386183
55355973
2133965
54254097
8849405
33998571
11149650
1795366
19745803
9389083
37984228
40400835
51662962
58452536
65591205
76394675
5051955
37695216
26789565
53147592
21064958
57341920
59389688
37038343
79291046
79774830
75002389
31752162
59458255
64437458
40021287
21363512
25132700
60035026
24891095
85922126
58715185
39376910
85019787
7250375
58124271
88523092
21775302
18691121
12239241
86524306
87638146
12611190
69585391
58252904
21121831
37233634
68709833
25967264
33671981
42230571
45870777
69419675
39346526
51991934
16145893
58696796
81605961
23451432
69464169
18431106
52789013
28915248
68505637
6166586
4384053
83850076
88087978
26541870
47768523
11544870
70379007
23509829
47442059
16788725
20332882
47423189
28883146
20164121
2805313
88902770
9236619
9054307
35704020
16613254
2971292
88542483
70960188
50183577
21849798
84691555
73529277
52425603
51477962
59357255
69654641
20685732
51156415
6259415
87671793
84234823
26809798
3684375
86141113
65078615
58820206
69145942
87303929
23798291
50412888
66256867
77856501
47552190
25219892
25766616
55773012
37560226
53070259
23577921
59223280
15696415
26294329
49021916
7603903
31246633
2839690
11104583
7237028
15512804
17493322
45037556
53264981
15417125
20876972
37010988
21391536
29139276
4007456
87188186
51856535
3705499
81010563
2843778
40371810
18985785
25767389
50568673
55120687
14301857
72188159
70672307
61568153
48931553
21081277
88756485
82023468
39226265
53098648
61554917
83400643
33511503
25553564
21476125
18911833
20245817
54863614
28232825
29960687
84048269
40034197
69214488
88726619
21154638
18754373
40934681
31249405
3170862
8375497
1348932
5652111
72040484
14759756
77635667
69844043
69325608
86858134
57823436
88286967
53412802
16994188
19144449
45632913
45064091
74717142
26629582
56882657
86858241
3586432
4688641
36558627
1619164
84575332
64580937
52271940
57072029
86752836
35330590
59421489
83948130
32608881
88544224
44319636
65361534
64019024
72085734
28800015
36466954
60379453
36561350
31321173
88233367
61810049
6091677
73791222
16436595
35182988
35106983
63424751
42809973
39494883
29184667
57502428
81199499
24486716
61266382
31737176
86468740
79602786
37050436
45458982
22038036
74479877
10483991
70804760
60052592
62038229
89268123
26910713
84612847
42688947
14525719
23300440
78816010
75514779
22577446
10648480
15572396
59442640
73217292
31289887
55092079
45527914
320863
12406316
14194070
89013272
65865948
14952457
72673308
30625203
2741991
20030338
35310093
6017931
12941505
81643408
27297412
5516850
68185191
50119203
40086833
49960488
7208480
12314104
47066626
71761711
6367659
53357832
31704628
29240265
26466846
16178657
35567004
81770195
40116808
9883911
79333369
11635992
78149618
18850177
14266362
410108
80940723
22026715
43018040
63621353
12163563
7019401
22969549
74756492
42438534
39246729
66397566
39231663
40998898
79982915
47590163
13397111
2143701
56556971
64296076
51955036
18817151
62520565
67603965
27129019
20563561
17851338
20424522
4092022
18802755
66635418
35679939
26714565
17512412
69128439
78220693
64915816
57950351
81661155
72286368
85873171
26776520
80830561
14836695
39082907
48453921
8374278
15948730
49056318
72107129
25833531
38864429
47283102
74766985
79326809
43319011
68432845
65157654
9291258
7652100
2899407
44120340
74770674
27032544
16904032
21867189
54955171
60727777
55028784
29055504
21769299
46271452
80448034
15405176
56974734
53941759
38388315
33283267
33229711
47172567
74676633
68960331
48343355
6672467
16468866
51875012
55756806
26764664
29260529
51958228
2642983
77464635
88971164
62671226
13945703
66969815
24573230
58459002
24112656
56500227
21699811
22498053
53560589
16719201
69264826
40152253
83372315
51447664
15196461
42444806
67753206
62919911
34474097
43890494
7058569
86196987
26981323
73460099
24960479
3849546
5234840
38445735
4003244
52928907
51816967
52638056
70983886
59831253
52880764
45769262
29422279
20676816
80298485
9694191
24011330
73471833
38334859
72101736
80175989
20607277
61228748
28786996
35586133
17841366
36446008
72648704
49501443
70585353
44869233
29299198
44228312
63157957
35335657
52173877
70609035
61811930
19475339
54319233
9524945
82993989
77152666
51489659
23335288
50380691
44915517
22189517
74272697
26642670
86805976
10597728
52810934
66230667
84860754
82019484
7718764
40161263
75689468
12966995
88503546
69987992
36568698
11382244
13295233
60088049
2624504
74646189
36940814
72241680
41485281
58209468
73734239
29414104
48212474
55615905
20337675
40779311
77472564
60734083
53915395
53216050
41128610
2646721
80237780
55426989
23061200
74149933
9255279
8362696
88240619
68569829
47777692
24362311
34226183
12141334
66510081
78169934
56152765
57025920
70069491
74825397
13209826
20404470
79933206
74839984
36310380
71690198
24353527
39814479
185467
65812623
48288495
45931102
5797268
19705032
14562118
61627573
45308863
3629968
49757612
64177921
58237186
44830687
49700520
3994350
15912817
9121768
21751579
10829074
3150411
63202319
46346927
26978643
2958494
2501225
30064815
50684680
28641494
52883127
41875777
40938364
1754803
18437670
53900936
12825432
43138871
58133180
68301742
76521527
88824323
8627515
63658568
44360312
35331952
4117209
10116564
19248868
65526870
55738114
34994114
35330763
76060022
15648637
46231538
80268091
72843769
25078911
70924987
36593072
31062422
76191825
53585386
49184604
84293140
26410824
18223129
17680430
57319930
36247606
53344663
52757058
77671903
11612864
6583844
58280657
61425315
69751810
644116
61996322
673450
29901294
63691353
81683345
78928642
30859659
17252768
2230996
88787706
89958769
13892647
10551930
59588083
40367064
51357790
88922575
47161052
36320960
18756628
51669514
87581952
34039245
61092291
33461038
61130365
16935589
84826704
66557285
65969969
26359537
5923917
46560508
39334512
49018582
59834355
33563253
86341799
29171064
36160864
29352531
80813718
23781900
76252067
30023545
81470514
60889461
81919189
29625653
56691816
78556545
80026234
26732707
10324708
40319801
53336398
22285256
65241783
76399132
30874275
32385806
82051954
74027902
11984396
20514969
27822339
52363854
55051619
28437411
79407390
27464070
71571018
34136807
81177992
70050691
66489204
66291615
81264070
64024070
26120643
11141212
82142272
1931478
75120202
3559465
10062340
10608195
18493933
36449998
67085655
49880607
83038842
60810616
79703451
26773032
47336314
80896741
7623639
52544013
43123349
70113354
32695860
23316608
86781211
77058695
68327641
40476284
47920319
4285447
47652503
80332295
30528205
26551625
48804065
62396663
598885
13385037
12735857
72913552
52456845
10601517
10276031
42599687
14009606
11134109
23542841
82109273
31327038
88134362
74430370
46132914
74520554
6362115
43838640
27910028
73235780
16438022
62331785
45102590
23746798
87090546
51986802
36549176
5891302
35727495
6126243
12020876
21014832
35507284
76177872
58047259
6070284
85957518
8133919
49584774
7100165
21740158
30664516
77227243
44614386
38771230
54523967
70129923
84834007
12933123
9720357
26642358
24500351
75611980
45303903
838239
39039364
78388146
83294542
60331114
61297177
64752060
59828789
8827010
8238759
78325976
30110450
62608866
60914980
45716541
12216467
28434481
29617932
78400802
34243542
40681840
25029073
3988180
39700049
69654211
16392023
17377238
83945042
83899362
3384123
35637733
50789606
7847903
16947786
55138098
7227209
18205746
66192192
58116987
74505400
18113872
20465931
54633254
10177517
62784549
35840587
28240884
46949820
47830850
56899866
65700829
70020818
59642576
18486768
15451083
51426449
78659053
58826140
70110594
3855996
64218714
55948553
16096181
34843771
11603546
31286187
67255405
269092
47618713
72472729
47889421
62313000
71716430
54343726
7856951
68964258
65334573
4713142
14382410
27275851
81677496
84166920
44035797
49643994
41373921
39660807
53698910
14521160
10466174
28560389
84762790
87308773
69377364
56525735
65669071
56878093
13254245
45551177
1297857
54846648
14720762
85190945
74019035
51898176
84841179
76617794
86789937
82702817
43817610
43054409
82839301
39339252
59673032
27570420
83862618
23416772
18047275
81351767
55637769
65545380
2792270
28274134
1042835
52355995
3398116
72771010
49875710
79891831
57998531
62993649
26573257
12529078
82403552
78053901
66664520
52725481
86962675
86963622
9996978
78056859
4984950
62948935
77773590
83736607
62475812
3366121
81722389
85204177
25999485
28771721
24803758
47537218
7780908
16651544
6737350
44826069
31207827
35534609
72844145
76773693
84560732
88646252
39791854
35731490
2532871
39087328
11739321
32955865
27562135
64526689
26874863
58427975
70940111
44557040
43055186
5647507
52000755
45157204
4298586
28087775
41845194
86191001
85019362
3869744
51266103
59101664
64132952
84727863
36071166
75520169
89071313
51432204
48082931
3961684
19069582
62081325
38062015
37131718
43937787
55924336
52480745
53558095
51983693
62439038
68451725
5635823
31404607
19055290
37964220
8001549
8484454
76308518
54365544
55505967
74786654
45477633
15482924
21778297
8944239
61035780
13733740
83568097
69904988
82477052
70867696
16886569
63530045
87812282
50314763
74368061
89669158
74760204
12756469
58247646
45699111
59056391
7786670
75460023
49690758
82563199
16928693
49206479
1093180
12622063
51241425
22162168
88211445
83931234
32704341
50333871
43889576
2843411
23788648
3525769
76417763
67448080
12677350
39499940
27795524
25103475
51898889
19067607
8160197
66604740
62752796
19431784
68440058
30771878
47068303
1809206
6363155
45610161
47893045
66127499
87244397
27670671
43378695
42060863
32166585
26432354
69263596
11807273
89509743
64219112
82673646
18991
69054615
18263147
11174931
17659944
52890579
13101328
30980610
78891360
43342985
60655455
45339534
77630026
45024267
653906
78432882
3730675
8915045
64763901
7204728
36027998
87853801
53638963
8679314
28987520
84387066
8362916
22367750
35190020
67947345
16808590
29734831
83823779
16641145
61761028
67945885
24585395
58615594
38353165
86069436
50242005
45351001
6578633
53724124
39406509
34216404
67008678
14215496
54807454
72184221
9025601
17879021
78301546
54209963
51925885
82747872
61010726
6266460
60400887
31081032
52780241
15234760
7184007
36962464
23666142
32485121
4931866
73715201
23088573
31231915
17187756
7238356
36598139
7266395
74532569
50848035
38367549
12784125
1143596
8748764
32250141
24895968
58283792
51917975
77940160
88596306
77955166
2244495
35348761
89009494
16073556
16871643
58710645
66036065
32127431
85486448
1039570
48059739
89722101
22546723
68556195
42103678
39688127
66415981
85586194
61976165
5567248
51453255
45847409
60385013
32748979
13688712
39131601
42827407
45037626
75741428
60477707
33167961
75956564
78851246
85588750
18755899
21815753
74366065
51216023
7925235
45186056
39577034
89698942
20417892
49204286
14380098
27695442
17053953
84823257
45864566
83987380
54794370
472897
76983594
59779151
58225099
19003508
56689935
39498053
73555752
24621957
73147493
29561708
36896803
58133785
60377615
28790046
84811396
14645465
11147749
28415533
58565239
19475619
37329379
83855604
32022474
2345173
63336676
11565442
17775686
58467364
5150359
20914939
5269404
65406307
575351
1380696
59236273
31356416
59512630
54343361
20613897
54523186
55132942
51004614
77005620
2675115
5299265
54506409
89476604
59959813
5747995
43471214
25629150
14660939
61465171
40835336
46609569
67609636
71902055
72439671
85151066
47795631
60412827
8099581
24886352
73513059
6359391
6661676
35084673
53776615
87103101
47921197
84086968
71747698
63808135
120877
21449432
32506675
30163479
30898186
1830670
62041708
50556902
86237062
48823236
71550936
33922222
67127634
44256440
76985731
31488793
8688541
6676538
52104206
53397101
27917298
3529149
58514531
63786998
385685
73943412
65406288
53907982
48457784
52075968
84863863
53801594
36070796
31937863
74375281
56081209
13181172
14450469
38052590
56271825
69027474
78592346
53813059
81653420
7165664
457962
76882032
71965215
27712943
85154387
4539834
65305648
74788479
88306389
72810992
23718620
16613950
5291633
69594585
39623957
52926319
79383240
80097815
682137
27606939
61945655
2758966
82204898
82446150
69854676
51167609
57741178
13135669
49179135
21718162
10553883
64444037
54498313
4972451
42289261
53832659
6401030
49247411
77550936
82077825
45209899
74579927
10535729
55708046
78570326
7413280
48945893
16789298
82831514
55188632
9039569
37825028
26765170
82420558
80828137
81444929
58635369
49907289
409794
66837845
37379395
59020359
43032484
26371506
16785165
7727692
2564168
81303754
7839450
61620512
2008555
68140627
44475768
89262222
61157944
45144041
33181268
18775110
59730419
80705250
23937435
56204661
47224861
76107614
31053964
29608906
3318511
10745877
34635307
47897194
36428553
66100782
11603574
68826443
4646723
55899996
48146722
57188024
17349262
89470472
67014799
69821171
24795495
25422988
40468788
52984307
39994448
3104214
86984948
75259069
86435306
34799200
49980212
84879360
74098057
28215249
68506924
63580313
35038924
13591245
62799969
69858371
34482609
58411585
86182457
37653506
88576000
76769360
8526553
9795053
71614941
77358149
71045911
3494485
67811227
34266616
44243208
18746013
8106254
38569710
35411850
27995079
11699456
68008837
20025636
33101788
43269391
16077269
54552915
58537163
60574172
70722493
73436376
39316819
44568458
72934071
63490136
50308255
1282253
77773813
16645135
7716278
38151461
51279866
48241678
47128394
76943981
69557681
25883182
28424704
8955348
25367254
62079592
5061564
3747808
38661080
12748458
59720398
84172983
22779187
37911919
31516263
82684124
66458577
40352428
75823519
41623391
19521836
46801107
59170093
57358324
89117459
66212703
34096222
76935913
75123135
2678132
36681367
32251387
84539979
53948838
38084950
85497791
24708584
8374631
64935508
36107608
51619792
86236657
20349282
63317350
26971863
40624686
61282701
48036
3175951
78218911
29873093
75257619
44110869
6233732
47194801
32023613
31871253
25938604
8003502
81146848
69736526
17608807
54544931
25450264
12199978
25915095
52091812
4235492
7459820
5620392
25447646
57859443
67918708
39983776
70991377
87954746
23810250
67069365
43701288
58749910
15276809
84435265
73102907
46610934
64143345
28247522
65605797
39315485
33570955
56865691
45911849
61620091
6595272
68746192
9564891
67040278
22578696
55716968
39626290
75717448
81759690
41768557
2649557
726502
61453766
22219088
56223907
54122945
22988766
19234623
58252789
42270855
79805131
71589730
36789602
59737622
27000443
72760158
69778919
81488946
3166465
54516275
69467973
75973679
48965904
73685789
35558165
86290218
4482971
1875427
46185939
30138097
75602432
88036604
71324853
47680565
86760969
25093298
28270067
77134866
81358454
35264199
50035260
87254072
61898702
83706707
48862159
50336226
77740693
82140174
23401116
49102333
59708626
73851935
87426816
85827796
84570885
48459490
64746024
69943785
3453086
6293179
71120778
28030949
74321315
58424954
35169703
65387397
47061683
74725104
59741244
19089189
36398209
32778243
74477935
18346927
43539078
30723579
47389206
29847537
73814545
1609649
71949684
10939957
52077969
14305454
47075492
38201463
46021540
51162891
21914725
41832026
60918847
254833
36021556
73245191
64957236
14672027
25246065
13970852
7005364
84283444
87495742
78197827
2005668
12868070
16254514
17736718
51294796
17750664
43693191
15185555
67130532
30633949
9445366
2200657
27058748
77800587
64404766
48625072
26086382
5998881
63899947
63651498
74847157
33747101
17387639
47046342
62624645
58257683
86685939
79068067
68846784
73342946
52592083
35445466
28601305
26071010
79978797
46295387
2627952
41134529
82584364
87210614
81064900
33736569
57013228
70190223
31036998
50941273
77132227
88839579
82116174
78505321
39964677
18485755
12524619
42396063
33090251
89841539
25486848
46516658
18038774
28544738
53873409
31209517
4088137
74420807
21557919
25387030
78192204
79204802
34101929
73025439
8869386
58397218
12150740
17354723
61231146
41563521
76063730
69929954
34100072
57104604
69923784
9968785
76198095
75289675
70818255
11346872
11081110
30367527
87520718
44686978
9275800
55599320
13384041
42725553
70686283
48725094
16279891
3016939
54802909
14560654
42630576
89074498
61857723
679242
11276791
570693
26304181
21562506
37946641
29081253
58868722
36885946
73049861
25255861
55801187
69111932
56443492
46833304
8263117
21708211
29731587
76090110
73134468
38309879
85709175
56411133
74591690
21569868
50174535
74644423
62067983
44681490
63797336
14659707
76873810
49982106
87655075
86800991
65079029
81747672
15292276
53560467
68827774
52603600
46835866
57744758
32690974
4545578
83844361
3873398
8103265
14206200
27735820
58021775
58454588
58267918
39836721
71325402
88004893
57267429
76144194
1548384
21415134
12354490
61668063
6406166
38571567
63042663
19449305
79685516
19736922
6435432
22406611
25755961
74132760
71556075
81627967
19453919
81096561
75951780
87375113
9253846
34924254
56742919
47423389
54747613
5936920
3974325
81039718
61948289
20882386
41673854
10965075
40793224
86949728
53594795
43119658
40173499
25000463
42843295
21448968
48463524
40439872
21097637
37201976
51754210
9365690
62271355
78809966
50737792
37335491
71537686
7880656
24018964
87170512
12663269
25191470
3521844
59680726
34276177
89641535
71361669
82684476
11984032
35609765
11154507
36004167
76479427
54176851
87973454
57183884
84372798
12810857
69125654
25004332
86545096
23985138
78945811
53994008
64978155
78248800
59406665
54354025
78834319
55177557
87317522
44291326
61761717
79639473
37333303
82505556
17930499
76415726
21340880
37640024
76943099
71318963
79445479
36514900
60420086
70476574
56197486
50815416
76167767
51899127
57200965
59198048
1290428
7183904
11742876
64572949
74952211
87078316
69525639
12790228
29693422
61852545
67794127
60287502
36087014
10684219
81853499
38318912
59170387
16159253
87658346
32408997
16891616
39235140
54517004
28020135
49343709
72407852
73130303
45511798
9189030
59104445
7531773
7394882
53188644
85292477
27499758
58318451
67259571
54682956
10460159
34670122
78171053
88012877
64624106
87910565
392279
72343355
16991871
28944664
74006716
40104127
66111981
10335971
9732659
67527712
86047403
51263432
12073959
57785173
2815832
39038578
56959473
81566653
25076562
71800823
32404638
47992702
68022354
71833609
84855011
35174186
71021581
1663545
33493982
83990891
33132089
23527120
2425488
75014951
14133434
7806698
46665703
38885209
27815192
46556899
30523505
3676059
60156349
74309998
58061871
50247879
46786379
46069666
82902983
51299427
17014558
65572037
4971770
14437430
78203052
47545643
50158801
57162155
24531703
39127943
2004439
62842252
66285874
28316933
16523719
13846781
74998302
85239551
52217677
52236074
31533350
27673132
21530612
40610114
4026275
10718025
45012636
50847300
17763336
56960109
82158692
12107918
28936749
85194280
44263557
6992926
88052155
7861075
6672541
81687146
38188797
43520180
26860086
42122435
18183063
71063592
84957660
21570599
7617828
86959275
2015946
73166632
6103935
14789416
36647633
29374682
71071464
27090046
58990730
84825532
684099
29088113
24505517
81835964
70963123
65746618
51769447
76393050
39668246
84027727
84841491
20063829
40865912
82758610
17841969
55338761
52012506
47867510
8907957
47832071
6085277
2306411
49589948
28155285
6240505
40486364
34817212
65876330
14252222
58750793
79546860
8474719
48495840
21663531
6542650
66778333
1954704
82275370
24257393
88036349
89409354
79577317
37641245
87183757
78822563
83287513
19445886
42323786
41354573
44631645
81151816
24533682
42828678
10335999
40198368
29505322
53060642
78848322
43675102
1673858
72732823
56245814
4850345
77263777
11674584
23951974
10641781
42622445
60829260
69465046
13677570
54745958
68036497
77012194
52644161
58572328
64289881
15713142
1694865
70745311
72373006
3390409
32222090
41384658
45279021
57644685
64057702
57424001
13734860
54060849
79014629
36201406
6748653
86508417
63232099
77247270
49691490
20946658
20509480
60864318
85715616
45734065
34170999
39788120
32682422
27487332
40074703
15693676
68944112
10586356
24133130
84841348
76268303
21404528
8731253
81295087
10832780
14304670
43471188
76410941
35778103
50750856
50004856
78223894
60345147
79663196
42826245
13740167
54210799
24014088
34924391
66245994
72712259
58362745
41556004
49388832
53555530
58502217
86125650
78364941
75415270
55700827
70441734
55717413
46682755
14139621
56390819
45902263
16416521
12716466
6643170
18832722
58700544
81688458
2816752
36161198
20977964
76739713
44299215
20164003
72932484
28642978
27637180
22347179
14325645
63052275
54417804
40578394
72826267
27262060
61870349
12819091
69966435
72604449
19691050
73030132
72273809
19940407
42375011
17879274
49299759
19978704
10344818
14852342
81060282
31582039
48808724
26252616
60471001
80154299
66459287
85737136
88960703
83918811
71953924
5919098
30997623
13348182
23441253
7081799
86826608
15247989
9212468
45677051
67202158
89573541
9253018
70331901
1852632
55385623
37279779
46918876
32823566
47664180
78584618
12856135
89100919
5791942
59754818
7044315
88711868
48258173
35647542
51269259
41697344
37312078
41622485
53577310
9723502
7212951
39124567
44493062
44436639
65503609
88675557
71118346
68467628
58694057
42096352
22061050
72437930
75912261
22495788
69582110
34930697
468425
86461789
1731477
21744115
66310799
46801698
76107120
60971834
28857742
79013834
72805047
16629557
10586250
83291531
27409566
2843150
80782111
154878
10505475
13844658
15964595
81212300
48211170
38659650
23464737
87908643
51547730
61809958
19265265
30935988
72975275
31874379
21731155
2441448
77730202
63375506
68770173
59120640
12822683
12270074
86231919
39954205
28393073
85691270
65253061
77811872
18125979
4514865
65812503
65228472
55469827
88245871
28708138
74495274
32362160
17920724
25797087
66033658
23143634
11330584
36984963
62459124
16877589
14004425
59848624
81704047
89080814
80212915
47055867
73866402
76836270
56531004
80149556
2752978
50915974
61985770
48447285
13033283
18348191
539670
54951277
68655643
85245230
65804410
67290993
81894504
41688467
20726243
29697378
47816432
5231064
88083852
27201813
25358231
1441568
59112609
73571772
30243631
78020315
19791433
31741794
44949410
61175548
87467486
85995627
87956029
25672267
12684479
23970557
69789192
76634016
27565611
78808887
32880742
4146508
77864699
39897669
64086821
1745568
23759556
42950358
77361723
54503006
33977692
82621339
33302549
84792971
17757104
31338051
64983200
49204628
70254773
25150665
49510907
5815849
76202205
50239755
61594315
85068613
55098819
47202603
55637651
43310184
87941711
55643963
4366481
78125997
75459082
73503647
88174348
65046733
64454734
10397981
54811080
79254018
84218156
21378556
23267507
73875221
19163569
89849279
71422391
38102463
2002759
51883540
19903565
12949097
89700464
65986690
46137005
86923469
36250119
13743198
52288926
39672923
35998035
26001897
32354074
41795781
52916090
18579063
79465426
4518300
89545287
14054797
7073306
81357831
87754559
82286969
37845452
236098
79390560
67862830
10188043
71355557
12777174
30781507
2206080
52788725
69168096
3500117
9451218
79443901
4971945
19001328
70889384
30828009
85330324
85024197
57390862
44495694
46393332
31907759
26430069
79950552
88217593
81443387
83610204
57232854
26844149
79177933
1907639
1969810
9723173
41751791
36274040
22597928
34191323
33317413
69228500
80614446
2133313
5343671
17439798
20607524
67868302
40145592
83622672
14826719
72891124
49505965
80860071
45640429
54612881
47460958
75899534
21989294
72126320
75191580
15272621
28898362
65191239
30268860
24137409
11193743
83138029
69713704
28830996
83114032
86168798
72722759
67901582
59422734
82112609
82146196
75941091
21225910
58975931
187800
49292312
22508060
6921968
44964768
57089196
19595505
45407698
53645896
36065669
14058832
9606567
19199479
36997334
87121519
25380001
61779531
36637207
17495553
69535690
55467288
86750138
42311949
33692164
61421773
4444324
18749438
83260737
66930895
82842717
84421793
14424405
48704085
53778493
89791694
68608606
26840066
30516138
59163373
82801629
26028862
19927218
87864400
8992151
36473209
56863992
1433913
35443984
54410724
8223616
54248168
40820775
84624199
12937842
76713800
34315647
20086274
89213874
20776590
79438612
19804906
47222542
59352728
44131227
10410682
32423803
74638124
69611806
64525194
42411109
33778954
1065772
20896017
46478677
25151738
9724184
38939559
85332100
7919930
82887377
12423754
71719601
32684926
62578439
55591707
47552965
81088575
60377685
53426976
10468042
51076970
7901446
17282627
14043076
12392085
58013145
15784041
12579131
69008640
83636643
70155101
7063469
61802501
32365061
41638038
43152754
89950978
66898744
70706590
3651706
89199265
26493194
64030643
49141332
54029671
16441313
39417254
45531774
50334233
21336119
74247594
43859002
24654991
13834288
85274349
77048211
10315357
1430810
64102661
81287510
77668280
15065189
30004628
59501289
6413487
54317694
80812966
10198565
43538386
58366633
55063137
26921562
20023747
46499425
75463924
38738909
3020525
557000
12622089
25604431
61980318
71809072
39724937
4763331
16149607
44647185
55480825
18238145
64220802
67129396
88348183
50383916
89657520
37499325
88386025
15150815
56492208
51805646
67869269
61464595
67917585
70932094
15183478
41357704
74627802
34236207
35688957
14100558
7795444
74411713
54444586
61820851
69103701
59051168
63037034
82273781
67685806
30828909
66866015
37223207
74250735
46644029
13176285
42511639
58162799
81535189
53001270
80147631
21706654
2625300
42309899
41529790
14203742
79693191
85668757
4179326
52066796
24126399
21694932
45605928
1148649
62017048
59610793
3276005
82879608
87673284
42442449
77429479
12831358
37968586
70037558
42148027
32473501
77437434
1517768
18209733
21987599
75214587
25759000
37281177
16316341
59436755
1356164
65693570
30373421
69960525
35374025
26133975
65621082
38650040
11104078
76842522
44350527
21700281
8407876
49443616
45473140
18345359
31512336
83264492
5218101
29367474
12335698
35251629
36121469
60306621
49291991
71092766
85066336
51019155
9964901
6132650
70592105
76239536
18722730
53407026
80355286
8226845
74734368
74889245
585016
55121746
73424014
10692322
25598295
70458641
16163958
58555899
84391093
23191099
11901457
88433973
86111687
13280313
13698520
69057665
74890998
58977111
31152616
59805163
63365693
7185248
16054287
70755513
56136760
20673938
6378836
73622672
68698800
68612623
25259189
63236531
32905393
24976254
36125669
79370317
5589081
80246233
32500911
60423100
83528525
23546630
47943814
9826537
32149377
11641849
9337586
85233461
72853296
26687007
73450083
79135668
60998901
20856103
50818918
13953482
31856852
86510209
29836826
50338825
19060372
44031097
84356251
71563618
80887546
6921669
81289397
19871590
89809959
66000290
33680709
66765693
25189138
39715697
27253899
78137571
49001199
3945800
55456394
67756157
2700483
21411968
62428512
66695044
42161122
44552566
13829264
21192873
27363772
36222214
79223108
65012982
660800
72311101
56190289
71549848
54580614
36107535
81313598
27223137
10537246
13323629
37021523
71123224
34168699
54562431
69301030
84697610
26126577
23097393
47202910
68993270
87917919
33465720
67469650
57899048
29115843
80242265
13324372
30021594
38698542
53343633
12988079
4960591
68227608
8490973
42665361
42511487
88090216
60201891
29001164
30833041
34504781
59949936
50053563
508336
77389384
83695101
26142707
56186595
24379235
33690117
8024311
80698682
73100405
31288700
38744040
37070868
36660021
49968431
45751721
33988670
69362672
3562776
75314731
17165667
16160909
34454993
28040462
26134438
19035431
47477225
87058370
83242865
68213213
22207822
52415340
48990486
48839827
46067854
77973096
5885922
68049688
61590447
87605997
47846927
70438943
38757566
77253572
84167494
27271848
33715302
82201519
73667866
1305667
25110866
72069944
38415349
85087051
15018954
51341008
57929628
3848374
53931340
51846473
71028245
52886534
6266632
35214383
84302008
30506136
1342923
86297079
49659219
78038705
54855572
66865696
49117519
31691536
75587049
76202681
83203570
77334525
3858135
5902028
60215583
21103056
54683821
52582779
52588223
49896955
47850133
81298282
39389499
27308889
17233817
60014058
53493576
5949113
21251845
74653646
47548532
54571718
50822620
76500935
32230446
44987757
66297317
20848455
79285244
57046743
8621422
9434882
36180050
52523479
48409271
24306444
26963025
63258586
64912932
14011721
40908223
83875974
41288638
58091407
53587140
4415109
36975929
51744492
75293255
63341386
14936773
15250598
21440035
78542560
77101078
77979487
11829449
16611371
5137512
56031797
51756761
70007416
79924389
22580219
40582416
30318694
47813704
20737442
41315827
66727615
64102921
57209139
10351739
29983484
53805488
