[8086, 1910, 4]
[4334, 3730, 640, 12, 775, 470, 2, 6, 11, 16, 1, 1, 1, 1]
[6455, 1248, 1306, 146, 393, 163, 133, 151, 1, 2, 2]
[1676, 7879, 85, 62, 118, 70, 18, 71, 14, 2, 2, 1, 1, 1]
[4227, 4029, 160, 1475, 97, 5, 5, 1, 1]
[3171, 4974, 1474, 310, 2, 6, 11, 52]
[8336, 1285, 141, 45, 181, 11, 1]
[8679, 106, 914, 224, 61, 16]
[634, 7631, 322, 701, 104, 294, 279, 26, 3, 4, 1, 1]
[7022, 2481, 49, 72, 346, 23, 4, 3]
[2756, 6961, 209, 4, 34, 29, 3, 3, 1]
[867, 5993, 1602, 1271, 250, 11, 2, 1, 1, 1, 1]
[8441, 163, 514, 502, 332, 9, 12, 12, 11, 4]
[5786, 1515, 1203, 1167, 200, 56, 15, 16, 33, 7, 2]
[7174, 702, 1771, 83, 177, 67, 6, 7, 12, 1]
[4040, 1196, 1543, 1566, 1543, 5, 80, 12, 14, 1]
[4429, 3405, 2158, 5, 2, 1]
[1923, 7079, 550, 443, 4, 1]
[3653, 2134, 353, 1596, 1852, 191, 66, 70, 49, 10, 20, 3, 3]
[5982, 761, 52, 2647, 15, 132, 200, 90, 100, 2, 16, 3]
[3135, 5569, 1026, 252, 7, 2, 8, 1]
[4313, 2476, 3149, 49, 2, 3, 7, 1]
[7617, 871, 322, 324, 695, 147, 24]
[5664, 2366, 925, 12, 765, 124, 73, 28, 34, 7, 2]
[2731, 5249, 384, 100, 1327, 35, 47, 93, 14, 8, 5, 1, 1, 3, 2]
[3448, 2228, 1803, 301, 1890, 210, 37, 41, 39, 2, 1]
[7707, 2155, 98, 13, 8, 15, 3, 1]
[7353, 927, 1314, 138, 30, 32, 36, 164, 2, 4]
[9467, 223, 114, 66, 8, 104, 14, 1, 3]
[5089, 1930, 177, 1406, 325, 392, 31, 366, 84, 140, 26, 24, 6, 1, 3]
[5371, 1274, 1025, 601, 1482, 124, 106, 9, 4, 3, 1]
[5722, 468, 1605, 776, 1389, 39, 1]
[4873, 1731, 165, 156, 2756, 266, 25, 20, 5, 2, 1]
[5274, 1961, 132, 1658, 450, 300, 56, 109, 29, 4, 25, 2]
[8870, 991, 114, 7, 17, 1]
[2432, 1831, 1365, 1354, 1, 1003, 1719, 140, 10, 75, 44, 9, 3, 12, 1, 1]
[1995, 6399, 1362, 65, 139, 2, 29, 2, 2, 4, 1]
[7115, 252, 2475, 130, 14, 9, 2, 1, 1, 1]
[759, 516, 8526, 56, 12, 34, 37, 11, 32, 9, 5, 1, 2]
[5105, 2806, 532, 1310, 51, 137, 58, 1]
[6134, 49, 965, 2220, 151, 314, 28, 18, 52, 66, 2, 1]
[280, 4557, 320, 299, 1628, 1164, 1388, 292, 70, 1, 1]
[1576, 625, 851, 1359, 2059, 138, 2434, 171, 193, 265, 268, 25, 18, 16, 1, 1]
[6855, 6, 226, 981, 1162, 197, 216, 126, 83, 120, 27, 1]
[7909, 1217, 349, 288, 177, 38, 21, 1]
[9122, 650, 122, 54, 42, 9, 1]
100.00
[3556, 3431, 483, 2328, 70, 37, 66, 3, 17, 8, 1]
[6528, 2746, 381, 15, 204, 53, 69, 1, 2, 1]
[4032, 2611, 1603, 482, 755, 499, 4, 13, 1]
[4669, 2437, 596, 2116, 169, 7, 4, 1, 1]
[3987, 1309, 2320, 454, 1145, 532, 172, 23, 16, 24, 3, 5, 2, 5, 1, 2]
[6524, 549, 2848, 57, 17, 1, 1, 2, 1]
100.00
[6130, 1528, 1595, 459, 209, 61, 7, 5, 2, 2, 1, 1]
[4469, 5153, 87, 246, 16, 19, 4, 5, 1]
[8541, 180, 772, 432, 10, 21, 41, 3]
[7574, 501, 562, 103, 727, 217, 26, 50, 202, 32, 6]
[8704, 229, 407, 267, 210, 95, 33, 28, 19, 6, 2]
[4099, 5780, 89, 32]
[9595, 324, 11, 17, 25, 10, 5, 1, 2, 5, 4, 1]
[841, 7333, 1548, 53, 179, 18, 9, 6, 9, 1, 1, 2]
[5201, 639, 828, 233, 1207, 1162, 28, 675, 6, 12, 6, 2, 1]
[2293, 1902, 1876, 1416, 1060, 1093, 204, 145, 5, 3, 2, 1]
[5742, 3358, 827, 70, 2, 1]
[583, 4927, 1740, 697, 61, 1179, 66, 3, 650, 59, 32, 3]
[6883, 2506, 487, 97, 16, 1, 5, 2, 2, 1]
[3261, 1082, 1119, 3140, 350, 187, 599, 139, 85, 23, 4, 2, 9]
[6952, 198, 2702, 110, 33, 4, 1]
[1938, 5340, 229, 537, 1031, 240, 61, 513, 5, 24, 1, 78, 3]
[755, 2640, 6071, 440, 91, 2, 1]
[9791, 64, 38, 35, 59, 10, 2, 1]
[7673, 1408, 467, 80, 139, 123, 57, 12, 39, 2]
[7537, 100, 840, 1218, 73, 33, 36, 93, 11, 24, 26, 4, 5]
[1076, 4661, 517, 123, 3536, 47, 9, 16, 14, 1]
[3470, 3551, 1614, 933, 118, 211, 74, 18, 11]
[1878, 3709, 1132, 2511, 226, 472, 6, 38, 2, 17, 2, 6, 1]
[7645, 1387, 271, 269, 122, 142, 124, 36, 1, 1, 1, 1]
[1517, 6636, 1638, 47, 128, 34]
[190, 4392, 3515, 8, 1836, 44, 10, 3, 1, 1]
[2319, 2160, 4493, 424, 388, 134, 35, 16, 20, 10, 1]
[8581, 152, 898, 255, 80, 20, 7, 7]
[4775, 609, 465, 1424, 91, 973, 1088, 10, 34, 433, 83, 13, 1, 1]
[8260, 1447, 117, 98, 62, 10, 1, 4, 1]
[2811, 1625, 4105, 1116, 83, 10, 82, 66, 30, 9, 18, 9, 18, 3, 9, 2, 2, 1, 1]
[4220, 83, 653, 4470, 338, 209, 19, 8]
[6543, 309, 1998, 1000, 75, 44, 29, 2]
[8695, 875, 181, 210, 26, 3, 9, 1]
[5701, 781, 2312, 12, 677, 374, 112, 31]
[3756, 1929, 2693, 336, 525, 20, 559, 99, 51, 17, 8, 1, 1, 1, 2, 2]
[6346, 3419, 82, 132, 1, 5, 1, 6, 6, 2]
[7264, 264, 1958, 277, 231, 2, 1, 1, 1, 1]
[4864, 47, 4582, 192, 136, 144, 18, 5, 2, 2, 4, 2, 1, 1]
[3561, 3300, 2775, 101, 194, 15, 41, 9, 3, 1]
[2313, 3782, 1481, 966, 181, 1007, 201, 66, 2, 1]
[2832, 3254, 435, 1160, 392, 1030, 859, 6, 4, 12, 4, 5, 1, 4, 1, 1]
[1781, 3798, 335, 1452, 181, 1493, 543, 187, 210, 7, 7, 2, 4]
[2836, 742, 578, 1050, 836, 1236, 2413, 8, 45, 64, 100, 8, 17, 33, 11, 18, 4, 1]
[1927, 1499, 5833, 404, 60, 65, 39, 55, 48, 51, 14, 1, 2, 1, 1]
[141, 2298, 3991, 2037, 1181, 26, 265, 26, 27, 5, 1, 2]
[8530, 1439, 8, 12, 5, 2, 3, 1]
[2352, 5655, 462, 285, 30, 89, 554, 240, 182, 26, 21, 66, 16, 3, 14, 5]
[792, 1295, 4926, 1651, 154, 789, 293, 42, 49, 6, 1, 2]
[4682, 1030, 3478, 58, 641, 13, 7, 42, 40, 6, 2, 1]
[1107, 3804, 4891, 26, 64, 79, 9, 11, 1, 1, 4, 1, 1, 1]
[7517, 2343, 140]
[6617, 76, 2897, 204, 54, 108, 28, 7, 1, 7, 1]
[3990, 1357, 1511, 1089, 772, 410, 203, 422, 119, 74, 38, 10, 4, 1]
[1970, 7287, 77, 171, 344, 86, 7, 47, 3, 3, 3, 2]
[5249, 489, 2578, 923, 141, 540, 60, 20]
[1890, 7590, 205, 115, 177, 7, 2, 10, 3, 1]
[8902, 955, 127, 7, 4, 3, 1, 1]
[1428, 5326, 1064, 793, 768, 440, 112, 36, 20, 13]
[4342, 494, 3439, 1113, 15, 48, 80, 139, 324, 2, 4]
[2387, 5463, 132, 986, 681, 100, 194, 18, 17, 1, 7, 13, 1]
[2234, 2593, 3260, 976, 58, 638, 239, 2]
[9423, 340, 111, 100, 7, 10, 4, 2, 1, 2]
[714, 299, 430, 7786, 180, 587, 2, 1, 1]
[3381, 1634, 3921, 421, 306, 337]
[2040, 4879, 1831, 635, 232, 234, 45, 76, 8, 10, 7, 1, 2]
[2453, 2375, 1772, 907, 946, 52, 248, 765, 360, 105, 4, 2, 8, 1, 2]
[5003, 2833, 288, 862, 456, 382, 174, 1, 1]
100.00
[8961, 267, 589, 139, 4, 25, 13, 1, 1]
[1457, 5554, 1126, 1227, 25, 194, 8, 178, 194, 32, 5]
[797, 247, 5346, 454, 1031, 808, 1093, 121, 65, 2, 26, 3, 3, 4]
[9566, 399, 13, 16, 1, 5]
[2238, 1881, 1492, 1965, 858, 809, 162, 334, 68, 129, 62, 2]
[880, 5187, 1583, 1322, 164, 90, 504, 144, 50, 70, 5, 1]
[5822, 2953, 20, 613, 467, 95, 6, 21, 1, 2]
[524, 16, 3904, 3333, 610, 1556, 30, 13, 9, 3, 1, 1]
[213, 1943, 5908, 1204, 393, 57, 50, 96, 89, 24, 23]
100.00
[2072, 5202, 200, 947, 129, 653, 174, 352, 180, 4, 2, 33, 51, 1]
[2043, 2835, 4901, 123, 52, 40, 1, 1, 4]
[8535, 565, 27, 123, 614, 8, 34, 49, 9, 20, 15, 1]
100.00
[2931, 200, 5165, 734, 889, 34, 23, 16, 7, 1]
[1204, 6322, 2062, 309, 19, 50, 27, 5, 1, 1]
[803, 6421, 897, 1713, 121, 9, 33, 1, 1, 1]
[5096, 2567, 1583, 345, 151, 65, 154, 30, 7, 2]
[2133, 6857, 829, 20, 87, 73, 1]
[4072, 524, 3273, 1089, 130, 892, 10, 10]
[6996, 1747, 985, 216, 10, 28, 12, 5, 1]
[9435, 380, 61, 35, 23, 32, 21, 6, 6, 1]
[5565, 56, 3686, 45, 523, 43, 4, 44, 5, 7, 11, 3, 8]
[590, 4151, 1026, 4178, 44, 7, 3, 1]
[8973, 692, 241, 87, 5, 2]
[986, 2631, 401, 4079, 1156, 74, 31, 459, 16, 28, 16, 99, 23, 1]
[7871, 1844, 39, 59, 139, 8, 9, 18, 10, 1, 1, 1]
[2771, 3010, 3523, 5, 520, 58, 52, 15, 34, 7, 1, 2, 1, 1]
[4312, 2182, 1357, 2, 1375, 363, 35, 130, 130, 108, 6]
[281, 2965, 379, 855, 5360, 18, 68, 16, 30, 6, 22]
[2011, 2133, 3688, 170, 489, 942, 546, 8, 13]
[4319, 2942, 1765, 391, 23, 489, 5, 47, 15, 3, 1]
[2087, 6274, 589, 37, 854, 89, 50, 6, 5, 2, 4, 1, 2]
[713, 561, 2735, 1708, 3382, 699, 15, 16, 80, 74, 12, 3, 2]
[3729, 503, 932, 2781, 1746, 59, 14, 11, 27, 168, 24, 3, 3]
[7770, 410, 912, 830, 59, 11, 7, 1]
[572, 5430, 917, 2145, 229, 13, 569, 55, 7, 34, 2, 2, 11, 8, 4, 2]
[268, 547, 8156, 85, 811, 61, 32, 13, 7, 17, 3]
100.00
[2079, 7576, 193, 85, 54, 5, 6, 1, 1]
[6263, 2506, 833, 44, 56, 191, 22, 40, 5, 24, 16]
[4787, 4984, 100, 54, 60, 2, 7, 3, 2, 1]
[2695, 3274, 295, 15, 2337, 903, 219, 103, 47, 2, 20, 12, 71, 7]
[220, 2263, 817, 2663, 816, 1158, 1891, 169, 2, 1]
[1719, 6359, 1475, 363, 5, 44, 13, 1, 2, 19]
[7035, 1409, 325, 1108, 35, 46, 5, 20, 14, 2, 1]
[2626, 9, 484, 1601, 5163, 18, 80, 13, 3, 3]
[4661, 1828, 2838, 485, 151, 35, 2]
[6595, 573, 1772, 411, 308, 340, 1]
[1928, 3628, 2726, 247, 745, 495, 115, 102, 7, 7]
[1192, 8698, 10, 32, 1, 3, 15, 37, 12]
[9079, 873, 15, 21, 10, 2]
[8671, 1036, 3, 109, 162, 11, 3, 1, 3, 1]
[7919, 168, 986, 600, 172, 132, 22, 1]
[3074, 730, 473, 1204, 2135, 896, 1056, 104, 218, 45, 41, 24]
[3465, 1813, 3154, 1431, 81, 44, 11, 1]
[1541, 4122, 663, 366, 1449, 687, 409, 91, 199, 235, 210, 17, 10, 1]
[1081, 1653, 4681, 2303, 14, 96, 55, 94, 2, 4, 11, 4, 1, 1]
[4985, 1987, 55, 1233, 707, 788, 108, 130, 1, 5, 1]
[1391, 6437, 516, 367, 1013, 91, 105, 25, 54, 1]
[743, 2103, 5297, 1335, 386, 22, 23, 17, 74]
[1162, 8487, 319, 16, 6, 7, 1, 1, 1]
100.00
[7356, 2482, 55, 32, 46, 28, 1]
[7803, 1567, 37, 403, 17, 92, 42, 5, 10, 24]
[4499, 2609, 740, 1321, 303, 307, 88, 40, 84, 4, 2, 2, 1]
[4282, 5340, 92, 240, 12, 22, 2, 3, 6, 1]
[8501, 368, 50, 582, 340, 158, 1]
[27, 9875, 94, 2, 2]
[177, 8150, 97, 696, 513, 106, 130, 83, 31, 16, 1]
[4062, 1167, 2625, 1024, 1059, 35, 22, 6]
[3932, 5584, 43, 93, 224, 14, 12, 98]
[3884, 5964, 152]
[1433, 4908, 1595, 384, 706, 502, 16, 17, 85, 227, 108, 7, 1, 9, 1, 1]
[5427, 3840, 704, 16, 9, 2, 2]
[7233, 2561, 141, 64, 1]
[3084, 4972, 1333, 17, 400, 194]
[798, 3700, 5117, 317, 12, 28, 27, 1]
[3993, 5233, 176, 204, 392, 1, 1]
[9563, 423, 12, 1, 1]
[8109, 1146, 94, 370, 205, 75, 1]
[9089, 749, 142, 18, 1, 1]
[1451, 1944, 4827, 566, 392, 377, 139, 75, 6, 203, 8, 2, 4, 3, 1, 2]
100.00
[7290, 875, 906, 211, 572, 101, 18, 5, 11, 2, 1, 4, 4]
[6166, 1736, 1665, 401, 25, 2, 1, 4]
[3782, 4360, 1573, 216, 52, 6, 1, 5, 5]
[1766, 6605, 696, 523, 357, 45, 1, 1, 3, 1, 1, 1]
[3444, 2398, 1466, 227, 1657, 275, 111, 357, 37, 21, 7]
[7184, 2784, 2, 18, 8, 4]
[8960, 641, 201, 177, 10, 8, 2, 1]
100.00
[7241, 1381, 113, 60, 232, 208, 87, 543, 133, 1, 1]
[2191, 2926, 4655, 15, 6, 107, 88, 5, 3, 1, 2, 1]
100.00
[1453, 1930, 3412, 2628, 206, 48, 52, 39, 87, 102, 42, 1]
[1425, 3896, 3194, 1254, 116, 110, 3, 1, 1]
[9803, 186, 3, 7, 1]
[8083, 1855, 50, 12]
[4228, 2812, 1809, 945, 74, 55, 39, 11, 10, 2, 3, 9, 3]
[5442, 3880, 376, 26, 128, 76, 35, 23, 9, 3, 2]
[1103, 1126, 3320, 557, 2076, 1196, 596, 6, 11, 8, 1]
[9898, 59, 10, 23, 8, 1, 1]
[9873, 91, 10, 1, 16, 3, 1, 3, 1, 1]
[6926, 754, 278, 237, 113, 1508, 181, 3]
[34, 1107, 5971, 2125, 70, 434, 165, 61, 24, 7, 2]
[8847, 523, 164, 180, 19, 236, 15, 12, 4]
[8009, 391, 1523, 3, 52, 21, 1]
[7899, 1314, 548, 195, 26, 10, 3, 3, 2]
[5701, 434, 1491, 2290, 45, 24, 5, 2, 7, 1]
[6651, 1683, 626, 532, 343, 64, 23, 20, 58]
[9167, 636, 65, 32, 16, 8, 18, 17, 22, 15, 1, 1, 2]
[1911, 3448, 811, 2885, 342, 411, 111, 56, 5, 11, 5, 3, 1]
[8999, 679, 257, 29, 4, 15, 6, 5, 1, 1, 3, 1]
[1856, 6746, 228, 542, 379, 35, 134, 14, 44, 10, 8, 1, 3]
[3050, 3665, 1858, 83, 318, 687, 88, 92, 16, 25, 80, 36, 1, 1]
100.00
[448, 2772, 3202, 3214, 236, 41, 53, 25, 4, 4, 1]
[2423, 1844, 2680, 232, 1541, 996, 30, 42, 110, 7, 71, 15, 3, 3, 3]
[2034, 7157, 99, 533, 39, 111, 10, 3, 2, 11, 1]
[4115, 2767, 3094, 13, 9, 1, 1]
[5049, 3398, 1488, 16, 6, 38, 5]
[445, 5751, 74, 1528, 174, 1774, 48, 134, 11, 32, 29]
100.00
[4093, 4804, 968, 12, 81, 11, 3, 12, 14, 2]
[9952, 33, 10, 2, 3]
100.00
[690, 9308, 1, 1]
[6025, 3454, 122, 203, 95, 24, 5, 69, 1, 1, 1]
[9868, 38, 42, 5, 7, 5, 4, 14, 13, 3, 1]
[495, 6607, 201, 346, 1423, 645, 245, 31, 1, 6]
[2859, 6808, 281, 19, 31, 1, 1]
[8294, 1256, 289, 36, 15, 90, 16, 2, 1, 1]
[3522, 202, 2556, 3609, 100, 9, 2]
[107, 8188, 85, 433, 652, 128, 318, 20, 32, 32, 2, 1, 2]
100.00
[4986, 2794, 1822, 120, 9, 228, 3, 25, 6, 7]
[7687, 956, 1329, 10, 1, 7, 10]
[8856, 746, 279, 49, 3, 63, 3, 1]
[3270, 6523, 192, 14, 1]
[1072, 5928, 64, 2718, 111, 81, 16, 7, 1, 2]
[1716, 5264, 2276, 446, 295, 2, 1]
[5258, 4560, 165, 15, 1, 1]
[2236, 7126, 617, 9, 10, 1, 1]
[2087, 912, 1235, 3191, 2011, 519, 9, 16, 16, 2, 1, 1]
[9426, 202, 355, 16, 1]
[8108, 1419, 64, 154, 199, 25, 16, 8, 7]
[7970, 1390, 249, 44, 323, 11, 10, 1, 2]
[3653, 2960, 1363, 1532, 114, 74, 16, 233, 24, 18, 2, 3, 4, 4]
[7307, 892, 1680, 22, 25, 4, 14, 1, 41, 14]
[6175, 623, 1452, 1153, 593, 1, 3]
[5450, 3629, 751, 30, 102, 17, 5, 6, 9, 1]
[675, 2504, 913, 3531, 157, 1305, 91, 10, 334, 272, 89, 58, 28, 3, 19, 3, 6, 1, 1]
[2979, 4577, 1836, 453, 41, 43, 52, 2, 11, 4, 2]
[9824, 65, 8, 12, 80, 4, 5, 2]
[3912, 423, 2733, 2504, 304, 19, 74, 25, 6]
[4131, 4262, 838, 424, 146, 129, 42, 19, 2, 2, 1, 2, 2]
[4922, 4096, 915, 36, 18, 5, 3, 5]
[1203, 413, 6079, 511, 851, 52, 125, 693, 1, 8, 54, 8, 2]
[9309, 419, 245, 18, 7, 1, 1]
[9674, 207, 116, 2, 1]
[3035, 826, 672, 3223, 1058, 523, 491, 170, 1, 1]
[8299, 458, 1241, 2]
[2929, 4857, 811, 875, 406, 17, 8, 95, 2]
[5977, 1448, 1063, 112, 151, 969, 262, 14, 4]
[8215, 1728, 42, 2, 8, 2, 1, 1, 1]
[1412, 3071, 2837, 570, 349, 632, 309, 680, 31, 73, 12, 22, 1, 1]
[9393, 56, 529, 10, 4, 1, 2, 1, 4]
[7512, 2277, 59, 125, 21, 2, 2, 1, 1]
[7386, 333, 2065, 198, 18]
[1220, 1959, 250, 2387, 679, 2117, 38, 619, 300, 380, 4, 40, 5, 1, 1]
[6756, 2041, 147, 793, 226, 26, 11]
[2032, 3470, 1864, 2276, 218, 138, 2]
[2478, 6100, 2, 658, 266, 238, 224, 14, 3, 7, 6, 2, 1, 1]
[6324, 303, 1959, 1158, 143, 60, 29, 20, 2, 1, 1]
[7351, 2134, 503, 1, 8, 3]
[8033, 1407, 249, 199, 50, 9, 47, 2, 2, 2]
[5177, 1593, 3122, 47, 43, 15, 2, 1]
[6732, 1934, 244, 610, 465, 9, 6]
[7384, 1761, 548, 292, 10, 3, 1, 1]
100.00
100.00
[561, 361, 1816, 1397, 2838, 1360, 1077, 246, 289, 52, 3]
[1160, 4846, 299, 3609, 30, 31, 19, 1, 5]
[1458, 1795, 5212, 1077, 142, 27, 43, 72, 141, 29, 3, 1]
[593, 6501, 639, 193, 1949, 97, 11, 2, 10, 2, 1, 1, 1]
[7609, 1505, 382, 475, 4, 14, 6, 3, 1, 1]
[5669, 2057, 1816, 249, 153, 48, 3, 3, 2]
[8123, 1086, 344, 386, 52, 1, 2, 3, 3]
[6126, 1029, 2798, 29, 2, 5, 8, 1, 1, 1]
[7395, 2170, 425, 9, 1]
[9127, 218, 210, 380, 60, 1, 2, 1, 1]
[8173, 619, 568, 359, 181, 41, 32, 8, 17, 2]
[9297, 32, 184, 328, 60, 97, 1, 1]
100.00
[9276, 233, 114, 215, 109, 15, 22, 3, 7, 2, 4]
[7509, 849, 919, 477, 18, 2, 31, 179, 14, 1, 1]
[2020, 339, 1612, 5837, 180, 12]
[2021, 5692, 2108, 64, 103, 10, 2]
[1009, 5270, 1311, 375, 16, 104, 348, 1210, 255, 101, 1]
[6396, 2026, 1084, 424, 55, 15]
[3485, 4830, 171, 310, 911, 57, 37, 98, 37, 12, 27, 24, 1]
[5514, 2815, 690, 139, 256, 584, 2]
[8423, 1298, 144, 47, 82, 6]
[5426, 1336, 1577, 746, 727, 93, 34, 32, 27, 1, 1]
[1036, 1264, 1575, 3838, 69, 1774, 358, 5, 19, 52, 1, 2, 3, 2, 1, 1]
[5027, 2650, 1052, 428, 54, 81, 183, 192, 105, 109, 44, 25, 3, 36, 11]
[9922, 7, 26, 28, 15, 2]
[125, 3644, 864, 3568, 791, 676, 324, 5, 3]
[5590, 1383, 2288, 354, 207, 44, 56, 38, 39, 1]
[5246, 3550, 1013, 179, 11, 1]
[7801, 1796, 379, 22, 2]
[7790, 2099, 13, 56, 27, 12, 2, 1]
[2519, 3411, 1290, 894, 545, 937, 6, 276, 69, 1, 22, 27, 1, 1, 1]
[6463, 2699, 69, 309, 133, 301, 3, 14, 4, 4, 1]
[854, 1131, 1613, 3526, 2753, 86, 14, 10, 1, 1, 3, 3, 3, 2]
[4719, 1094, 2298, 1204, 126, 360, 60, 24, 52, 11, 12, 13, 18, 3, 5, 1]
[3614, 2344, 3389, 505, 60, 38, 8, 41, 1]
[7600, 2226, 31, 98, 6, 30, 5, 2, 2]
[2006, 4854, 1624, 1180, 119, 113, 75, 8, 20, 1]
[5276, 3977, 407, 25, 19, 51, 84, 135, 4, 16, 1, 2, 3]
100.00
[488, 4082, 3395, 1097, 927, 11]
100.00
[1472, 7963, 327, 60, 139, 38, 1]
[3765, 612, 799, 2412, 2186, 124, 20, 5, 38, 12, 22, 5]
[7475, 605, 998, 246, 323, 150, 101, 95, 3, 3, 1]
[9802, 46, 56, 49, 43, 2, 1, 1]
[361, 4873, 1171, 2262, 1031, 191, 92, 4, 6, 5, 4]
[1558, 2708, 2175, 3208, 337, 10, 1, 1, 1, 1]
[4226, 2809, 2727, 175, 11, 30, 11, 7, 1, 3]
[752, 2316, 1127, 629, 1090, 3266, 665, 118, 12, 10, 5, 5, 1, 3, 1]
[921, 3159, 1573, 3437, 642, 152, 40, 66, 3, 6, 1]
[6296, 465, 306, 430, 2125, 37, 221, 33, 80, 4, 3]
[9193, 498, 148, 10, 2, 134, 15]
[552, 824, 6189, 1928, 485, 17, 5]
[797, 863, 1574, 2985, 866, 1071, 51, 268, 596, 111, 803, 7, 2, 5, 1]
[8485, 558, 602, 148, 100, 28, 10, 18, 8, 17, 13, 3, 5, 1, 3, 1]
100.00
[5714, 230, 1861, 855, 108, 828, 166, 134, 19, 12, 39, 29, 3, 2]
100.00
100.00
[6865, 2477, 39, 460, 37, 72, 47, 3]
[3557, 3181, 456, 377, 1744, 165, 329, 84, 46, 18, 25, 11, 7]
[6068, 44, 345, 368, 2378, 428, 326, 26, 12, 1, 4]
[1789, 2136, 4507, 570, 669, 198, 67, 14, 22, 9, 12, 6, 1]
[1598, 355, 3952, 1739, 825, 1130, 362, 36, 1, 1, 1]
[9577, 373, 32, 15, 2, 1]
[5628, 112, 688, 3543, 27, 1, 1]
[8196, 488, 71, 728, 356, 103, 43, 1, 10, 4]
[6131, 3728, 69, 70, 2]
[3991, 3642, 866, 352, 182, 80, 683, 24, 71, 23, 60, 22, 1, 2, 1]
[9371, 504, 25, 57, 34, 1, 1, 4, 2, 1]
[6361, 766, 298, 425, 534, 137, 1469, 3, 2, 4, 1]
[3637, 6169, 16, 33, 67, 39, 29, 1, 1, 5, 3]
[2607, 3451, 2953, 306, 193, 475, 4, 3, 3, 2, 3]
[6083, 2076, 1564, 100, 11, 117, 1, 41, 3, 2, 1, 1]
[9562, 22, 287, 64, 10, 15, 8, 29, 3]
[9192, 380, 219, 186, 7, 11, 2, 2, 1]
[6327, 2381, 118, 149, 436, 15, 177, 196, 201]
[526, 4033, 4274, 324, 622, 158, 35, 13, 10, 2, 3]
[4030, 3321, 274, 1954, 39, 255, 51, 76]
[73, 2229, 3328, 3823, 90, 63, 199, 130, 55, 3, 5, 1, 1]
[8066, 455, 1407, 42, 18, 11, 1]
[2278, 3380, 2256, 274, 955, 845, 1, 6, 3, 2]
[2194, 2357, 5387, 24, 1, 34, 3]
[986, 4373, 3362, 473, 279, 480, 10, 28, 8, 1]
[2990, 372, 672, 3868, 1834, 133, 59, 42, 11, 16, 3]
[4683, 2068, 1078, 1042, 860, 77, 14, 7, 89, 70, 6, 3, 2, 1]
[7039, 2035, 576, 61, 227, 53, 1, 4, 4]
[6131, 103, 739, 2465, 339, 178, 31, 7, 5, 1, 1]
[8238, 1628, 69, 26, 20, 13, 6]
[2071, 4921, 2609, 203, 26, 161, 9]
100.00
[866, 5159, 116, 1161, 2389, 18, 123, 29, 104, 29, 6]
[4024, 615, 602, 2, 2852, 340, 813, 403, 17, 12, 175, 122, 22, 1]
[5059, 1851, 1333, 1568, 162, 23, 3, 1]
[2981, 1133, 5483, 85, 64, 4, 211, 2, 24, 9, 3, 1]
[7750, 267, 822, 63, 282, 85, 48, 232, 377, 50, 10, 11, 2, 1]
[6415, 3115, 291, 58, 119, 1, 1]
[5764, 1573, 375, 1674, 209, 32, 115, 150, 52, 48, 8]
[3582, 6039, 247, 58, 10, 43, 6, 4, 7, 4]
[1150, 8304, 185, 188, 80, 57, 36]
[8158, 813, 323, 114, 199, 335, 14, 7, 10, 13, 3, 1, 9, 1]
[5965, 997, 1591, 251, 843, 235, 57, 21, 35, 4, 1]
[109, 1135, 7376, 853, 48, 22, 95, 6, 324, 29, 2, 1]
[1927, 233, 6653, 1111, 49, 18, 3, 3, 2, 1]
[9262, 312, 209, 141, 56, 9, 2, 6, 3]
[1953, 2636, 4349, 892, 89, 18, 16, 26, 14, 3, 4]
[2240, 4944, 551, 878, 374, 253, 645, 18, 48, 27, 18, 3, 1]
[8404, 1313, 68, 201, 1, 4, 6, 3]
[7005, 1521, 332, 1028, 28, 42, 15, 1, 1, 1, 1, 2, 14, 1, 1, 7]
[2320, 2503, 861, 4082, 35, 188, 3, 3, 2, 1, 1, 1]
[7150, 2359, 416, 53, 11, 4, 2, 5]
[7105, 1097, 1032, 76, 554, 61, 68, 5, 2]
[106, 5028, 1559, 927, 369, 1432, 409, 34, 37, 80, 6, 6, 1, 2, 1, 1, 1, 1]
[5678, 2710, 1196, 31, 40, 68, 65, 17, 82, 60, 29, 16, 1, 5, 1, 1]
[2239, 2498, 3131, 296, 1768, 14, 7, 8, 8, 19, 8, 2, 1, 1]
[6937, 196, 1672, 322, 314, 25, 300, 98, 61, 66, 9]
[360, 4827, 4705, 1, 104, 1, 2]
[271, 5722, 1002, 1274, 1185, 121, 359, 12, 16, 35, 3]
[7180, 1425, 287, 1060, 36, 10, 1, 1]
[4513, 4125, 1349, 12, 1]
[1806, 727, 118, 4376, 2275, 648, 20, 7, 17, 1, 1, 1, 1, 2]
[8960, 580, 296, 86, 75, 2, 1]
[2423, 2971, 3635, 760, 4, 174, 26, 6, 1]
[4386, 5000, 154, 384, 67, 1, 8]
[3796, 1074, 4548, 433, 132, 11, 2, 1, 1, 2]
[5770, 1296, 2127, 563, 173, 23, 37, 5, 4, 1, 1]
[2956, 4474, 444, 1104, 12, 810, 153, 12, 24, 4, 2, 5]
[425, 5688, 109, 576, 2074, 1028, 5, 46, 29, 7, 8, 4, 1]
[7651, 1469, 859, 20, 1]
[7727, 1663, 38, 318, 23, 32, 1, 6, 16, 39, 136, 1]
[126, 6882, 1624, 1240, 90, 17, 19, 1, 1]
[8041, 1850, 50, 15, 8, 29, 4, 3]
[1973, 453, 4945, 437, 1779, 326, 29, 50, 1, 1, 6]
[3055, 2108, 3147, 882, 39, 149, 61, 11, 465, 17, 9, 12, 2, 9, 4, 8, 21, 1]
[761, 1072, 1438, 2911, 2700, 1063, 29, 23, 2, 1]
[9253, 543, 202, 1, 1]
[3511, 3265, 2614, 210, 1, 394, 4, 1]
[1929, 6362, 1670, 12, 21, 1, 1, 3, 1]
[3874, 2422, 1652, 1816, 169, 66, 1]
[8158, 781, 780, 77, 71, 3, 93, 33, 2, 1, 1]
[8590, 854, 245, 283, 4, 11, 3, 7, 2, 1]
[2829, 6579, 43, 9, 210, 226, 42, 20, 35, 1, 4, 2]
[9707, 125, 71, 52, 5, 23, 11, 1, 2, 1, 2]
[239, 2915, 3238, 2609, 738, 68, 25, 67, 14, 30, 53, 4]
[8206, 1200, 533, 26, 4, 22, 1, 1, 7]
[2968, 4252, 1473, 1211, 24, 12, 57, 3]
[2502, 1976, 154, 2502, 254, 778, 1567, 143, 73, 19, 20, 3, 7, 2]
[3083, 4972, 198, 1075, 219, 159, 81, 111, 84, 13, 3, 2]
[9874, 84, 17, 6, 13, 3, 2, 1]
[6357, 1428, 1690, 512, 11, 1, 1]
[4417, 171, 3061, 446, 1360, 150, 390, 4, 1]
[5235, 1427, 2445, 81, 84, 223, 309, 147, 18, 23, 8]
[3006, 4575, 377, 1525, 157, 148, 121, 87, 4]
[5617, 2490, 192, 1669, 16, 7, 4, 1, 4]
[1028, 4118, 2766, 1218, 510, 219, 134, 6, 1]
[7824, 1970, 11, 172, 23]
[2917, 2261, 242, 2495, 1300, 18, 426, 233, 27, 29, 46, 4, 1, 1]
[3221, 5344, 762, 367, 266, 8, 31, 1]
[3974, 3345, 949, 629, 270, 833]
[362, 1275, 6769, 405, 1022, 148, 9, 9, 1]
[6519, 880, 291, 2271, 33, 2, 2, 1, 1]
[4729, 4206, 503, 547, 7, 6, 1, 1]
[3279, 2934, 2183, 321, 1257, 16, 9, 1]
[3445, 4739, 1674, 128, 7, 2, 2, 3]
[684, 3293, 4589, 1278, 148, 8]
[9378, 580, 41, 1]
[1617, 1224, 1917, 931, 159, 1466, 1122, 898, 366, 166, 97, 4, 14, 12, 5, 2]
[440, 4852, 480, 2932, 45, 157, 578, 334, 128, 24, 22, 1, 4, 1, 2]
[7737, 418, 1426, 79, 88, 179, 34, 1, 20, 14, 4]
100.00
[6098, 159, 563, 689, 1735, 522, 92, 123, 1, 6, 2, 1, 5, 1, 3]
[3867, 3154, 2569, 171, 61, 134, 9, 30, 3, 1, 1]
[7833, 1485, 487, 71, 5, 38, 20, 25, 8, 8, 1, 15, 4]
[2281, 6325, 1131, 102, 23, 67, 68, 3]
[8782, 887, 70, 40, 176, 42, 3]
[5647, 3839, 234, 148, 14, 35, 28, 3, 9, 20, 19, 2, 2]
[8599, 590, 713, 62, 36]
[1690, 7551, 318, 408, 9, 18, 5, 1]
[6691, 3191, 62, 37, 2, 7, 3, 7]
[1572, 2853, 398, 3927, 274, 42, 362, 222, 287, 56, 6, 1]
[1049, 1427, 4028, 1832, 771, 671, 189, 12, 8, 6, 5, 2]
[5089, 1161, 2454, 395, 699, 68, 129, 5]
[2417, 1447, 3713, 2250, 133, 11, 26, 1, 2]
[2096, 2456, 1291, 2480, 305, 792, 318, 62, 92, 75, 32, 1]
[9355, 115, 440, 14, 28, 27, 16, 5]
[2608, 2746, 1468, 2092, 249, 726, 73, 7, 13, 11, 6, 1]
[1916, 3744, 3512, 17, 23, 750, 28, 3, 6, 1]
[5221, 530, 528, 845, 295, 1840, 323, 34, 265, 9, 11, 38, 26, 28, 6, 1]
100.00
[4668, 2206, 1418, 1422, 38, 193, 15, 17, 3, 18, 1, 1]
[6369, 3103, 423, 4, 27, 52, 12, 2, 3, 1, 2, 2]
[9298, 146, 151, 262, 132, 10, 1]
[5840, 1324, 1744, 673, 400, 17, 2]
100.00
[8762, 488, 664, 4, 71, 3, 2, 5, 1]
100.00
[755, 8645, 56, 110, 248, 117, 30, 30, 4, 3, 1, 1]
[2403, 3560, 672, 2620, 65, 412, 47, 106, 80, 29, 1, 4, 1]
[9531, 187, 103, 152, 20, 4, 3]
[6373, 2519, 605, 231, 3, 218, 37, 13, 1]
[4768, 2744, 1708, 780]
[3436, 5625, 838, 95, 2, 2, 2]
[1348, 6869, 753, 977, 31, 4, 7, 2, 8, 1]
[7407, 120, 2442, 26, 3, 2]
[9190, 381, 5, 39, 159, 115, 49, 40, 20, 1, 1]
[8605, 1155, 215, 17, 8]
[4769, 3068, 153, 1548, 206, 66, 93, 27, 9, 51, 10]
[6100, 905, 243, 2570, 159, 4, 5, 10, 1, 2, 1]
[4087, 1105, 147, 2505, 1413, 701, 41, 1]
[1484, 1641, 4531, 541, 702, 1048, 35, 9, 8, 1]
[9763, 231, 3, 3]
100.00
[349, 4728, 3478, 896, 241, 272, 4, 23, 1, 3, 2, 3]
[407, 3115, 2041, 3498, 842, 77, 6, 2, 5, 7]
[6668, 2949, 6, 77, 60, 17, 173, 22, 13, 8, 2, 4, 1]
[2440, 2113, 3744, 916, 522, 159, 73, 25, 4, 4]
[1029, 2093, 4034, 2723, 73, 4, 10, 6, 4, 7, 8, 5, 4]
[5694, 3624, 50, 495, 1, 123, 10, 3]
[298, 6895, 1332, 975, 226, 85, 31, 108, 34, 1, 1, 5, 6, 1, 2]
[5594, 206, 856, 988, 1384, 202, 535, 92, 65, 75, 3]
[4977, 3396, 888, 686, 6, 22, 16, 8, 1]
[786, 8378, 606, 61, 10, 39, 21, 74, 15, 5, 1, 2, 2]
100.00
[5302, 904, 992, 2389, 136, 238, 34, 1, 2, 1, 1]
[1589, 3190, 3521, 792, 641, 258, 2, 6, 1]
100.00
[2313, 3159, 4299, 52, 81, 38, 46, 8, 2, 1, 1]
[4356, 1755, 2981, 137, 20, 122, 294, 1, 265, 28, 21, 18, 2]
[8156, 1208, 424, 134, 34, 32, 2, 4, 2, 2, 2]
[3770, 4239, 802, 1143, 14, 11, 4, 2, 5, 3, 5, 1, 1]
[5534, 2908, 1526, 26, 4, 2]
[9381, 359, 157, 39, 5, 41, 4, 8, 2, 4]
[2987, 1731, 3551, 860, 773, 27, 63, 1, 2, 1, 4]
[4060, 5808, 18, 60, 14, 12, 12, 3, 3, 5, 1, 4]
[9930, 12, 57, 1]
[5809, 1074, 826, 1009, 576, 32, 197, 72, 205, 10, 60, 55, 1, 55, 9, 9, 1]
[1070, 3922, 881, 3136, 681, 302, 7, 1]
[5863, 824, 533, 426, 680, 468, 734, 49, 310, 38, 60, 14, 1]
[7405, 1698, 764, 51, 3, 73, 4, 2]
100.00
[3104, 1667, 1824, 663, 2329, 114, 179, 68, 19, 19, 3, 4, 3, 2, 1, 1]
[1656, 5674, 1098, 1571, 1]
[9478, 53, 106, 359, 3, 1]
[2866, 6625, 203, 91, 107, 38, 6, 36, 10, 8, 6, 1, 2, 1]
[3997, 2090, 2566, 374, 297, 218, 59, 69, 78, 27, 196, 18, 4, 7]
[7781, 525, 428, 1237, 16, 1, 4, 7, 1]
[7369, 1236, 844, 509, 40, 1, 1]
[7469, 1784, 210, 140, 300, 35, 24, 6, 16, 15, 1]
[9830, 17, 48, 74, 20, 6, 2, 1, 1, 1]
[6825, 2893, 68, 105, 19, 50, 25, 5, 9, 1]
[2317, 6926, 625, 73, 43, 6, 3, 4, 1, 2]
[1090, 3745, 1462, 1335, 201, 1590, 497, 7, 37, 21, 14, 1]
[5909, 1976, 1812, 176, 89, 8, 18, 5, 1, 3, 3]
[5402, 4063, 40, 102, 29, 325, 31, 8]
[8227, 322, 143, 659, 192, 319, 60, 52, 25, 1]
[2758, 6069, 1154, 14, 2, 1, 1, 1]
[6925, 2481, 51, 308, 232, 1, 1, 1]
[9959, 17, 5, 6, 10, 3]
[7017, 2872, 54, 16, 6, 9, 20, 4, 2]
[2978, 3563, 3297, 73, 55, 13, 18, 1, 2]
[7669, 341, 1320, 144, 456, 45, 13, 7, 5]
[5867, 1213, 1244, 739, 591, 101, 11, 22, 66, 139, 3, 1, 2, 1]
[1047, 6663, 1001, 390, 872, 2, 5, 7, 3, 10]
[7872, 2073, 11, 16, 22, 6]
100.00
[2180, 7402, 245, 96, 52, 7, 4, 4, 4, 3, 2, 1]
[877, 2832, 4440, 934, 642, 246, 13, 12, 1, 3]
[5181, 2178, 363, 721, 1179, 213, 27, 74, 61, 2, 1]
[8159, 536, 176, 221, 898, 5, 2, 1, 1, 1]
[1802, 5437, 958, 1665, 65, 56, 13, 4]
[280, 8693, 1019, 3, 5]
[996, 3442, 4536, 1012, 12, 1, 1]
100.00
100.00
[8437, 1435, 99, 23, 1, 1, 2, 1, 1]
[316, 3223, 2910, 700, 1066, 179, 373, 815, 92, 21, 61, 115, 29, 44, 43, 8, 1, 2, 1, 1]
[7752, 446, 642, 390, 529, 159, 25, 24, 15, 16, 1, 1]
[228, 3084, 986, 4843, 554, 82, 192, 2, 16, 7, 2, 3, 1]
[319, 31, 7928, 684, 167, 409, 214, 44, 196, 6, 2]
[6267, 2138, 1564, 2, 10, 9, 7, 3]
[368, 2968, 1504, 1944, 218, 1627, 35, 956, 171, 57, 141, 4, 6, 1]
[634, 2696, 5191, 979, 90, 191, 88, 79, 22, 28, 2]
[4567, 601, 1904, 2620, 127, 30, 138, 2, 10, 1]
[3566, 4167, 2240, 1, 22, 3, 1]
[6072, 652, 105, 2060, 278, 764, 5, 54, 8, 2]
[3579, 3296, 2514, 42, 297, 55, 88, 30, 19, 50, 10, 15, 5]
[686, 797, 4158, 3827, 524, 6, 1, 1]
[1458, 2355, 6052, 42, 84, 4, 4, 1]
[5876, 584, 1842, 1519, 33, 118, 26, 2]
[646, 7309, 1406, 98, 357, 33, 117, 26, 5, 1, 1, 1]
[540, 2704, 5841, 522, 301, 88, 4]
[5803, 1463, 1821, 705, 84, 88, 22, 6, 3, 3, 1, 1]
[3722, 2041, 866, 2287, 845, 204, 26, 4, 4, 1]
[5209, 915, 3053, 379, 306, 44, 28, 64, 1, 1]
[449, 6597, 354, 2378, 94, 11, 82, 5, 9, 6, 4, 9, 1, 1]
[8665, 477, 815, 34, 6, 2, 1]
[9379, 591, 4, 17, 1, 3, 3, 2]
[6949, 608, 1912, 44, 72, 268, 55, 32, 46, 13, 1]
[5990, 2372, 307, 1207, 20, 29, 5, 41, 11, 10, 1, 2, 5]
[3394, 1946, 1867, 1052, 867, 700, 111, 26, 28, 3, 4, 1, 1]
[470, 3057, 4238, 489, 730, 342, 266, 116, 148, 118, 25, 1]
[3705, 4861, 285, 80, 266, 522, 86, 82, 47, 36, 9, 11, 5, 2, 3]
[2586, 5076, 261, 617, 622, 472, 243, 17, 66, 19, 2, 12, 7]
[8150, 789, 164, 18, 362, 127, 179, 83, 125, 2, 1]
[7520, 1925, 448, 2, 75, 5, 12, 4, 3, 5, 1]
100.00
[1041, 1603, 3888, 2440, 953, 8, 13, 16, 36, 1, 1]
[2641, 254, 6745, 215, 50, 10, 14, 22, 3, 44, 1, 1]
[2038, 462, 3989, 290, 653, 1354, 1120, 36, 8, 8, 18, 22, 1, 1]
[1676, 7552, 225, 146, 48, 171, 171, 6, 1, 2, 2]
[2411, 396, 6183, 669, 27, 113, 127, 10, 32, 10, 21, 1]
[8619, 165, 660, 103, 144, 272, 2, 20, 4, 4, 2, 1, 4]
100.00
[7128, 511, 184, 1563, 220, 47, 120, 21, 136, 60, 3, 5, 2]
[2539, 1795, 365, 1046, 942, 1122, 1464, 388, 17, 189, 83, 21, 10, 4, 1, 10, 3, 1]
[9161, 267, 518, 40, 3, 11]
[7411, 1814, 529, 104, 32, 45, 44, 21]
[8708, 134, 67, 104, 358, 558, 21, 19, 30, 1]
100.00
[5627, 1030, 2280, 580, 170, 174, 30, 88, 10, 11]
[8497, 1463, 17, 19, 4]
[5138, 4435, 412, 7, 5, 3]
[9260, 96, 1, 65, 295, 275, 4, 2, 2]
[1988, 167, 7419, 220, 175, 30, 1]
[2750, 2634, 426, 2565, 220, 1384, 12, 5, 3, 1]
[975, 6497, 526, 1980, 14, 8]
[424, 9023, 29, 102, 269, 37, 58, 1, 38, 18, 1]
[6171, 1408, 602, 1508, 8, 265, 16, 7, 2, 8, 1, 2, 2]
[5152, 2594, 584, 823, 809, 13, 7, 7, 4, 7]
[696, 5294, 2434, 1487, 13, 36, 30, 1, 6, 1, 2]
[3262, 652, 1892, 2685, 1212, 12, 153, 83, 10, 23, 1, 15]
[9650, 286, 60, 1, 2, 1]
[1418, 2456, 3352, 1243, 1079, 291, 66, 77, 9, 2, 4, 1, 1, 1]
[5115, 2632, 675, 980, 537, 45, 7, 6, 2, 1]
[5934, 1666, 922, 1171, 3, 19, 118, 140, 24, 2, 1]
[9587, 2, 146, 168, 69, 7, 4, 14, 1, 2]
[412, 3643, 64, 1936, 1816, 1344, 62, 272, 405, 43, 1, 1, 1]
[8584, 792, 451, 74, 12, 27, 13, 35, 10, 1, 1]
[917, 6077, 1800, 548, 480, 52, 39, 80, 4, 2, 1]
[4039, 172, 501, 1796, 467, 2075, 722, 179, 17, 20, 11, 1]
[7966, 1762, 196, 35, 39, 1, 1]
[3150, 4608, 2225, 5, 5, 1, 5, 1]
[2410, 1415, 381, 4799, 885, 84, 12, 13, 1]
[317, 2429, 954, 3261, 2225, 319, 101, 265, 102, 16, 1, 2, 4, 1, 2, 1]
[1317, 4322, 3610, 416, 77, 225, 30, 2, 1]
[1401, 1196, 1437, 3299, 142, 1566, 800, 29, 6, 115, 4, 3, 1, 1]
[1264, 1041, 343, 779, 147, 1887, 1906, 269, 2151, 39, 160, 4, 7, 2, 1]
[5129, 2215, 36, 1247, 425, 326, 476, 102, 13, 13, 6, 4, 5, 3]
[1093, 7206, 1407, 173, 45, 12, 24, 23, 17]
[3571, 5183, 1225, 3, 1, 9, 6, 1, 1]
[8862, 243, 552, 141, 127, 68, 3, 3, 1]
[4120, 1278, 4577, 25]
[1726, 6032, 165, 1744, 135, 101, 33, 41, 22, 1]
[927, 6456, 1108, 1411, 43, 38, 1, 11, 5]
[1826, 7637, 345, 65, 26, 52, 24, 3, 19, 2, 1]
[9755, 34, 150, 60, 1]
100.00
100.00
[5371, 359, 532, 2361, 526, 485, 204, 105, 35, 17, 3, 2]
[7335, 1862, 305, 132, 117, 211, 24, 3, 4, 4, 2, 1]
[4807, 1909, 773, 1811, 134, 398, 166, 2]
[302, 3219, 4904, 703, 647, 79, 55, 68, 6, 7, 4, 3, 1, 2]
[1768, 6788, 1223, 192, 2, 9, 14, 1, 2, 1]
[9589, 325, 32, 25, 8, 17, 1, 3]
[8694, 579, 626, 90, 4, 3, 1, 3]
[1319, 4662, 2881, 73, 856, 184, 12, 4, 4, 1, 2, 2]
[779, 4368, 911, 3494, 245, 75, 21, 42, 25, 20, 11, 4, 2, 3]
[5877, 3662, 136, 2, 233, 88, 1, 1]
[2769, 6715, 49, 393, 57, 9, 8]
[4379, 3646, 356, 1529, 50, 30, 2, 6, 1, 1]
[7453, 2093, 358, 63, 3, 28, 2]
[241, 2341, 747, 1231, 3214, 943, 318, 389, 10, 101, 423, 13, 18, 1, 9, 1]
[2783, 3257, 464, 2088, 916, 487, 2, 2, 1]
[860, 2000, 77, 3020, 317, 2928, 351, 201, 69, 87, 76, 13, 1]
[8227, 1530, 53, 122, 35, 19, 3, 11]
[5242, 1700, 712, 459, 1532, 152, 29, 19, 37, 81, 27, 7, 2, 1]
[7050, 285, 99, 308, 1348, 106, 229, 243, 297, 8, 9, 17, 1]
[828, 4005, 1884, 2774, 293, 6, 171, 35, 4]
[3975, 1773, 2301, 1888, 51, 3, 5, 1, 2, 1]
[5156, 3560, 1152, 58, 24, 36, 12, 1, 1]
[876, 2625, 5614, 624, 179, 28, 10, 3, 34, 2, 3, 1, 1]
[3625, 533, 4995, 706, 23, 12, 105, 1]
[9318, 280, 190, 84, 22, 98, 5, 3]
[116, 1146, 6429, 940, 848, 93, 223, 48, 2, 27, 6, 88, 11, 16, 3, 4]
[1419, 6417, 892, 223, 661, 184, 73, 75, 11, 25, 16, 4]
[9249, 266, 241, 131, 38, 72, 2, 1]
[2495, 6116, 836, 505, 37, 2, 7, 1, 1]
[8211, 1757, 12, 11, 2, 2, 1, 3, 1]
[2745, 1364, 2678, 605, 290, 70, 2088, 68, 91, 1]
[4764, 4644, 215, 365, 4, 4, 1, 3]
[4536, 359, 4176, 842, 53, 2, 2, 28, 2]
[1904, 7876, 136, 69, 5, 7, 1, 1, 1]
[3988, 3581, 403, 1719, 305, 3, 1]
[8774, 617, 290, 277, 30, 5, 3, 1, 2, 1]
[6239, 1099, 694, 1036, 107, 741, 66, 11, 6, 1]
[2939, 4244, 34, 1311, 393, 860, 163, 39, 10, 3, 2, 1, 1]
[771, 4262, 413, 4476, 45, 8, 10, 5, 7, 2, 1]
[14, 2643, 1770, 4868, 311, 311, 79, 3, 1]
[3046, 1394, 1771, 3160, 103, 126, 208, 176, 6, 6, 4]
[6237, 1042, 115, 698, 1361, 183, 36, 238, 38, 16, 29, 1, 2, 4]
[7458, 986, 61, 949, 194, 169, 59, 34, 78, 12]
100.00
[1001, 3343, 4037, 1163, 25, 305, 107, 7, 3, 9]
[2038, 2200, 1529, 3111, 643, 53, 250, 41, 76, 37, 20, 2]
[4773, 3148, 1914, 97, 9, 13, 18, 5, 12, 8, 3]
[1371, 5793, 875, 1714, 172, 75]
[7734, 1183, 534, 145, 48, 278, 54, 22, 1, 1]
[982, 8089, 439, 377, 38, 23, 20, 27, 1, 1, 3]
[5761, 2323, 134, 1078, 249, 354, 69, 19, 4, 4, 2, 2, 1]
[1183, 3472, 32, 664, 1684, 1851, 402, 91, 95, 206, 274, 24, 19, 3]
[6977, 700, 1673, 295, 265, 72, 5, 3, 1, 2, 7]
[4996, 1725, 23, 2821, 309, 114, 10, 1, 1]
[70, 6524, 2344, 288, 548, 145, 24, 49, 7, 1]
[2383, 6353, 41, 944, 155, 107, 7, 3, 3, 1, 1, 1, 1]
100.00
[9361, 27, 282, 10, 77, 132, 45, 58, 3, 2, 1, 2]
[2235, 3705, 855, 1716, 980, 246, 164, 58, 18, 19, 3, 1]
[1108, 280, 2748, 1285, 1615, 2907, 31, 14, 6, 1, 1, 1, 3]
[2104, 7226, 249, 335, 43, 8, 12, 2, 13, 6, 1, 1]
[2155, 2463, 2224, 475, 1601, 643, 422, 10, 5, 1, 1]
[5523, 1987, 776, 1582, 103, 28, 1]
[2403, 2107, 360, 1216, 3660, 48, 94, 49, 6, 54, 1, 2]
[3777, 842, 4443, 813, 13, 78, 24, 8, 1, 1]
[6461, 1469, 952, 785, 310, 23]
[4526, 472, 4534, 290, 44, 20, 44, 51, 10, 1, 6, 1, 1]
[5193, 630, 2191, 159, 1210, 501, 49, 2, 1, 25, 30, 2, 4, 1, 1, 1]
[3117, 5112, 1161, 535, 70, 3, 2]
100.00
[6766, 146, 2348, 306, 371, 25, 6, 32]
[1927, 2098, 2105, 3325, 442, 82, 7, 1, 1, 7, 1, 4]
[2675, 3639, 659, 528, 622, 495, 1210, 97, 38, 22, 6, 8, 1]
[3251, 451, 32, 4303, 773, 579, 397, 204, 2, 6, 2]
[9854, 80, 52, 8, 2, 3, 1]
[8049, 579, 51, 373, 244, 13, 210, 283, 193, 5]
100.00
[1470, 353, 7196, 358, 460, 6, 112, 21, 21, 1, 1, 1]
100.00
[1753, 5909, 1466, 283, 177, 71, 222, 42, 23, 3, 14, 22, 9, 4, 1, 1]
[8151, 811, 720, 11, 71, 175, 22, 3, 11, 20, 1, 3, 1]
[732, 2071, 1811, 3457, 152, 1068, 229, 14, 128, 1, 193, 111, 24, 9]
[6510, 2750, 589, 142, 9]
[9280, 578, 56, 6, 19, 39, 5, 11, 1, 1, 2, 1, 1]
[4002, 2009, 57, 3396, 149, 385, 1, 1]
[8936, 608, 332, 29, 18, 62, 1, 1, 13]
100.00
[1785, 3537, 2501, 2121, 21, 34, 1]
[2526, 3818, 1314, 207, 898, 637, 545, 28, 26, 1]
[1095, 2550, 927, 2768, 868, 1038, 635, 106, 7, 4, 1, 1]
[7966, 1573, 317, 40, 34, 13, 31, 13, 1, 5, 1, 3, 1, 2]
[2589, 4967, 548, 941, 802, 85, 27, 7, 15, 12, 7]
[1023, 6491, 938, 679, 84, 547, 93, 51, 7, 21, 23, 13, 26, 2, 1, 1]
[1455, 2063, 2729, 1447, 1675, 471, 50, 12, 62, 13, 19, 3, 1]
[3953, 5501, 57, 242, 174, 31, 21, 15, 3, 2, 1]
[3362, 2325, 2725, 380, 38, 1132, 35, 3]
100.00
[293, 2794, 2703, 3363, 313, 114, 230, 61, 69, 30, 19, 1, 7, 2, 1]
[8176, 362, 625, 365, 394, 1, 72, 1, 3, 1]
[6162, 1641, 2063, 49, 58, 12, 5, 7, 2, 1]
100.00
[8816, 287, 897]
[7003, 2481, 162, 96, 245, 1, 1, 11]
[4599, 3887, 1361, 65, 38, 38, 7, 3, 1, 1]
[3531, 5718, 708, 4, 38, 1]
[8306, 869, 295, 28, 260, 53, 170, 6, 3, 10]
[770, 7647, 144, 1380, 13, 14, 4, 18, 5, 5]
[4976, 4712, 209, 87, 7, 3, 4, 1, 1]
[4484, 2546, 717, 16, 88, 1754, 255, 127, 10, 1, 2]
[1702, 8072, 209, 11, 4, 1, 1]
[7270, 2511, 70, 144, 4, 1]
[850, 6594, 519, 939, 1054, 29, 11, 2, 1, 1]
[3010, 1114, 2063, 1046, 2372, 193, 127, 28, 23, 12, 2, 9, 1]
100.00
[823, 1751, 4942, 1458, 954, 10, 6, 48, 5, 3]
100.00
[732, 7657, 503, 845, 172, 44, 14, 9, 5, 1, 13, 3, 2]
[4067, 2181, 933, 1324, 1442, 9, 3, 29, 2, 10]
100.00
[2716, 3052, 323, 2862, 205, 717, 94, 7, 23, 1]
[1809, 1571, 2153, 3075, 1245, 64, 74, 3, 4, 1, 1]
[4226, 3412, 1405, 512, 15, 345, 9, 52, 24]
[5635, 499, 3794, 61, 8, 1, 1, 1]
[2711, 6820, 362, 91, 7, 4, 4, 1]
[4091, 675, 109, 2349, 557, 836, 750, 213, 14, 377, 6, 9, 6, 7, 1]
[9076, 36, 152, 14, 391, 293, 17, 6, 3, 6, 4, 1, 1]
[6399, 681, 62, 1900, 107, 459, 161, 75, 79, 2, 14, 2, 56, 3]
100.00
[8382, 989, 169, 142, 195, 26, 3, 39, 5, 36, 2, 11, 1]
[3128, 3701, 2796, 146, 152, 58, 9, 9, 1]
[2985, 1353, 3123, 2097, 70, 52, 91, 36, 30, 105, 34, 3, 21]
[5581, 662, 1335, 429, 1269, 360, 77, 228, 33, 18, 4, 2, 1, 1]
[7708, 384, 408, 721, 42, 207, 212, 69, 120, 25, 80, 12, 12]
[2360, 3597, 2357, 1625, 5, 40, 15, 1]
[3318, 1168, 2708, 618, 1764, 413, 2, 3, 3, 1, 1, 1]
[2639, 2112, 4499, 409, 150, 139, 37, 3, 8, 2, 1, 1]
[6749, 1438, 1535, 37, 161, 41, 34, 5]
[9476, 204, 135, 10, 31, 71, 62, 10, 1]
[8229, 221, 1085, 158, 219, 30, 2, 32, 8, 13, 1, 2]
[4387, 919, 211, 3679, 776, 17, 9, 1, 1]
[7198, 1162, 635, 527, 342, 51, 76, 9]
100.00
[6047, 857, 44, 338, 273, 1755, 149, 513, 17, 3, 3, 1]
[3258, 1148, 3108, 97, 1246, 92, 248, 614, 89, 38, 40, 3, 4, 10, 2, 1, 2]
[4299, 3091, 373, 132, 1956, 118, 31]
[382, 2368, 4759, 2307, 34, 117, 31, 1, 1]
[2296, 3357, 3700, 299, 339, 7, 2]
[5238, 2350, 931, 683, 326, 402, 65, 5]
[3530, 4904, 1293, 222, 31, 16, 3, 1]
[8048, 1331, 572, 47, 2]
[6112, 581, 361, 1579, 932, 38, 204, 16, 61, 17, 55, 33, 6, 4, 1]
[4425, 3673, 1415, 448, 24, 7, 3, 3, 1, 1]
100.00
[2131, 7510, 62, 214, 15, 17, 8, 8, 35]
[2244, 4497, 240, 2115, 99, 280, 123, 223, 81, 76, 22]
[3567, 438, 758, 1985, 1428, 948, 554, 109, 183, 2, 1, 20, 6, 1]
[4015, 2313, 1549, 187, 1831, 48, 17, 31, 3, 1, 5]
[2344, 1987, 4093, 1439, 83, 40, 12, 1, 1]
[8412, 938, 296, 255, 13, 2, 12, 11, 41, 13, 5, 1, 1]
[2135, 6846, 72, 336, 481, 76, 26, 12, 6, 2, 4, 2, 1, 1]
[4304, 5071, 103, 343, 20, 9, 48, 24, 43, 34, 1]
[8844, 473, 69, 468, 131, 13, 2]
[3271, 381, 1172, 1160, 3237, 660, 66, 36, 5, 12]
[2218, 2433, 4350, 823, 27, 83, 25, 14, 21, 3, 2, 1]
[5639, 4053, 112, 109, 10, 6, 2, 62, 4, 3]
[1562, 844, 1583, 4917, 510, 310, 24, 9, 146, 4, 89, 2]
[4842, 575, 2668, 1743, 146, 6, 6, 3, 8, 1, 1, 1]
[7016, 238, 1334, 1148, 235, 24, 2, 2, 1]
[5706, 2685, 57, 1496, 13, 39, 1, 1, 2]
[8154, 1081, 121, 193, 55, 227, 36, 88, 45]
[1321, 1831, 6648, 159, 4, 30, 6, 1]
[3437, 667, 4434, 1019, 40, 342, 22, 12, 17, 2, 5, 1, 2]
[1493, 3303, 1991, 2955, 37, 60, 94, 23, 20, 4, 17, 1, 2]
[3794, 4917, 941, 333, 13, 1, 1]
[1145, 5713, 2909, 197, 36]
[313, 3179, 3874, 1112, 77, 137, 16, 254, 482, 16, 510, 9, 16, 5]
[305, 2564, 3822, 304, 4, 1356, 707, 765, 90, 68, 9, 2, 3, 1]
[2207, 4718, 2787, 57, 80, 27, 79, 31, 11, 3]
[962, 4568, 3700, 718, 22, 3, 25, 2]
[157, 3745, 876, 4669, 552, 1]
[5692, 2928, 754, 129, 242, 70, 80, 22, 18, 55, 9, 1]
[3629, 1666, 1123, 2138, 995, 276, 28, 132, 2, 2, 9]
100.00
[4558, 4295, 352, 657, 115, 21, 1, 1]
[5010, 4576, 383, 6, 18, 5, 2]
[4071, 4053, 1378, 250, 43, 166, 23, 2, 7, 4, 1, 1, 1]
[2436, 6900, 354, 254, 11, 35, 4, 6]
[3059, 5086, 168, 822, 780, 25, 17, 4, 5, 29, 2, 2, 1]
[948, 7315, 798, 552, 381, 4, 2]
[6368, 3368, 243, 20, 1]
[3464, 6246, 105, 183, 1, 1]
[9700, 16, 248, 31, 3, 2]
[5082, 4182, 345, 39, 12, 59, 206, 40, 25, 8, 1, 1]
[9286, 80, 438, 34, 126, 21, 13, 2]
[9937, 55, 4, 2, 1, 1]
[8894, 290, 476, 134, 169, 31, 5, 1]
[3676, 3881, 169, 380, 1402, 123, 127, 194, 41, 3, 1, 1, 2]
[9393, 92, 493, 14, 1, 5, 2]
[423, 7647, 1512, 47, 368, 2, 1]
[5676, 1773, 1399, 642, 326, 71, 16, 58, 35, 3, 1]
[3998, 4280, 282, 625, 741, 42, 8, 12, 6, 2, 1, 1, 2]
[2843, 3254, 106, 1439, 75, 307, 1723, 147, 42, 27, 36, 1]
[5672, 2392, 225, 217, 529, 911, 29, 15, 7, 1, 2]
[8555, 84, 639, 334, 289, 74, 15, 8, 1, 1]
[4014, 5806, 175, 2, 3]
[8682, 1278, 40]
[7490, 1182, 453, 697, 123, 45, 5, 4, 1]
[7689, 1993, 231, 86, 1]
[281, 1435, 3445, 4773, 14, 18, 34]
[1994, 6922, 901, 78, 46, 9, 35, 11, 3, 1]
[7534, 246, 420, 1581, 183, 19, 5, 5, 7]
[1678, 5239, 2498, 125, 271, 73, 93, 16, 6, 1]
[3193, 4878, 941, 429, 242, 112, 151, 46, 5, 2, 1]
[1439, 4813, 1086, 718, 709, 703, 527, 5]
[6817, 3091, 15, 60, 14, 2, 1]
[4790, 2411, 18, 750, 1747, 12, 115, 122, 33, 1, 1]
[7092, 115, 1846, 881, 40, 19, 6, 1]
[1164, 6253, 2201, 254, 90, 23, 5, 2, 5, 3]
[4203, 4887, 265, 74, 168, 320, 70, 4, 3, 2, 3, 1]
[6937, 1879, 504, 92, 585, 3]
[6455, 2147, 1195, 162, 28, 3, 10]
[977, 5118, 2890, 254, 79, 371, 105, 161, 3, 7, 11, 4, 12, 4, 3, 1]
[7086, 1685, 1193, 26, 10]
[4993, 1724, 2593, 56, 241, 284, 82, 15, 8, 3, 1]
[5052, 941, 1027, 2376, 463, 82, 36, 19, 4]
[3408, 2904, 2488, 637, 286, 68, 69, 47, 47, 25, 1, 5, 8, 6, 1]
100.00
[4211, 3757, 537, 170, 262, 29, 377, 626, 26, 5]
[2223, 3058, 942, 3743, 26, 1, 5, 1, 1]
[9192, 477, 51, 116, 121, 43]
[2842, 2316, 3601, 683, 286, 11, 143, 23, 62, 4, 23, 4, 1, 1]
[3485, 1100, 2552, 1169, 1614, 34, 36, 10]
[1785, 7928, 193, 23, 68, 3]
[7312, 1100, 813, 501, 252, 11, 10, 1]
[1054, 5906, 482, 532, 202, 1370, 83, 39, 185, 44, 43, 60]
[3773, 5725, 209, 158, 90, 26, 12, 2, 3, 1, 1]
[423, 2052, 1846, 2622, 1977, 26, 582, 109, 299, 1, 45, 3, 6, 5, 3, 1]
[6008, 48, 2617, 355, 385, 70, 53, 52, 204, 115, 71, 11, 3, 6, 2]
[625, 1032, 5601, 1768, 89, 739, 27, 73, 28, 8, 7, 1, 2]
[368, 7032, 770, 617, 156, 679, 247, 94, 33, 4]
[7692, 2020, 245, 35, 4, 3, 1]
[1574, 3958, 2246, 845, 1178, 161, 32, 3, 2, 1]
[6431, 1673, 560, 1045, 124, 40, 13, 89, 5, 3, 12, 4, 1]
[7458, 2425, 85, 7, 6, 3, 12, 4]
[4819, 4410, 93, 190, 209, 169, 63, 40, 4, 1, 1, 1]
[5022, 3287, 1524, 131, 5, 4, 26, 1]
[4859, 4457, 335, 47, 32, 156, 69, 5, 21, 16, 3]
[3762, 5856, 60, 249, 70, 3]
[4133, 5038, 50, 32, 212, 9, 426, 33, 16, 16, 22, 10, 2, 1]
100.00
[5492, 1139, 1398, 390, 1324, 50, 138, 36, 19, 14]
[8289, 889, 443, 217, 131, 31]
[6320, 736, 1974, 665, 36, 2, 83, 50, 50, 70, 11, 3]
[5602, 921, 427, 723, 1474, 87, 652, 37, 13, 54, 1, 4, 2, 3]
[7069, 182, 2735, 13, 1]
[9676, 6, 272, 30, 12, 4]
[3368, 3662, 2960, 1, 1, 6, 2]
[508, 2031, 684, 4369, 791, 1136, 421, 20, 7, 3, 20, 4, 4, 1, 1]
100.00
[3813, 3243, 1397, 270, 246, 26, 871, 47, 54, 6, 9, 5, 3, 9, 1]
[2966, 3246, 841, 1174, 1060, 384, 260, 34, 28, 3, 3, 1]
[8244, 1411, 262, 68, 9, 6]
[6887, 2635, 152, 273, 50, 1, 2]
[993, 1193, 4190, 2684, 296, 68, 67, 407, 88, 10, 3, 1]
[3502, 141, 1483, 1066, 34, 2035, 1491, 194, 3, 43, 2, 6]
[6546, 1241, 443, 185, 1556, 16, 11, 2]
[7779, 169, 1646, 192, 205, 5, 1, 2, 1]
[9518, 40, 322, 53, 33, 22, 3, 2, 6, 1]
[1008, 5089, 1964, 1870, 29, 13, 5, 14, 2, 5, 1]
[2594, 4427, 2609, 77, 38, 204, 29, 21, 1]
100.00
[9959, 15, 19, 4, 3]
[1275, 1994, 5772, 169, 144, 157, 118, 9, 45, 316, 1]
[7884, 270, 644, 1061, 97, 21, 10, 4, 9]
[6891, 794, 1953, 116, 106, 73, 15, 31, 13, 1, 2, 5]
[7121, 251, 459, 1472, 111, 513, 58, 13, 2]
[1173, 346, 6827, 974, 429, 245, 6]
[8570, 413, 1006, 2, 6, 1, 2]
[8263, 1159, 339, 62, 23, 17, 6, 45, 77, 4, 5]
[2627, 2458, 2883, 1459, 184, 59, 7, 20, 30, 224, 18, 18, 10, 3]
[6492, 135, 3292, 54, 6, 19, 2]
[6844, 2, 2970, 64, 16, 86, 15, 3]
100.00
100.00
[9369, 428, 58, 44, 24, 56, 19, 1, 1]
[7681, 1616, 240, 131, 69, 29, 2, 28, 197, 1, 2, 3, 1]
100.00
[4405, 4840, 345, 15, 369, 25, 1]
[714, 2802, 1287, 3105, 1005, 677, 228, 58, 45, 73, 3, 1, 1, 1]
100.00
[7375, 428, 1464, 361, 249, 85, 14, 7, 5, 8, 4]
[2697, 6161, 133, 873, 26, 57, 23, 12, 4, 13, 1]
[748, 6847, 211, 771, 782, 32, 399, 139, 44, 12, 2, 3, 5, 2, 2, 1]
[4586, 1303, 659, 874, 741, 525, 575, 721, 8, 1, 4, 1, 1, 1]
[8682, 1309, 5, 4]
100.00
[5579, 2024, 996, 1206, 171, 1, 23]
[3512, 4580, 340, 1087, 358, 17, 106]
[591, 2675, 3979, 209, 512, 1561, 288, 51, 34, 15, 70, 11, 3, 1]
[1406, 4286, 1363, 948, 171, 1788, 29, 7, 2]
[2017, 5425, 1366, 264, 531, 46, 341, 5, 5]
[7927, 846, 182, 613, 316, 116]
[7082, 1010, 496, 93, 1145, 79, 15, 48, 26, 1, 4, 1]
[5173, 3910, 872, 5, 21, 16, 3]
[6711, 705, 1219, 419, 809, 79, 15, 16, 13, 13, 1]
[5880, 494, 2365, 879, 199, 42, 38, 35, 54, 6, 3, 5]
[716, 1653, 4960, 1837, 48, 601, 8, 167, 3, 6, 1]
[9934, 21, 36, 6, 1, 1, 1]
[7625, 997, 819, 71, 269, 90, 97, 31, 1]
[6264, 1959, 244, 702, 639, 137, 19, 4, 7, 22, 2, 1]
[5493, 2981, 932, 435, 49, 47, 24, 37, 1, 1]
[5174, 180, 4162, 176, 89, 200, 15, 4]
[5322, 2724, 1671, 178, 81, 9, 3, 7, 4, 1]
[8178, 836, 82, 890, 4, 8, 2]
[633, 8331, 624, 214, 10, 125, 59, 3, 1]
[6839, 2859, 141, 1, 119, 38, 1, 1, 1]
[3728, 961, 1640, 329, 2300, 268, 684, 23, 53, 12, 2]
[4716, 4957, 278, 42, 3, 4]
[1538, 1758, 4856, 112, 78, 163, 1268, 216, 6, 1, 1, 1, 2]
[3856, 958, 1306, 606, 1293, 784, 1158, 15, 10, 8, 4, 2]
[6132, 1342, 385, 214, 211, 258, 920, 236, 14, 237, 19, 2, 21, 9]
[1291, 952, 523, 4052, 45, 452, 1577, 93, 708, 224, 66, 6, 1, 5, 5]
[2311, 6486, 447, 663, 71, 7, 8, 2, 1, 4]
[9844, 83, 30, 33, 3, 6, 1]
[7704, 306, 1553, 154, 208, 31, 9, 35]
[6942, 685, 1398, 838, 6, 120, 2, 4, 2, 2, 1]
100.00
[2417, 3616, 313, 157, 1565, 1582, 48, 213, 58, 11, 4, 14, 1, 1]
[4334, 1194, 2925, 177, 73, 1168, 66, 5, 33, 18, 7]
[6020, 43, 529, 3159, 140, 50, 48, 4, 3, 4]
[651, 3689, 263, 2943, 1116, 100, 888, 283, 3, 20, 29, 5, 1, 6, 1, 1, 1]
[6521, 3154, 225, 81, 8, 9, 1, 1]
[4646, 4655, 190, 174, 275, 9, 10, 25, 12, 3, 1]
[9937, 18, 11, 14, 13, 2, 4, 1]
[3068, 4891, 296, 1565, 176, 2, 2]
[1483, 8402, 9, 12, 19, 64, 6, 1, 4]
100.00
[9201, 686, 100, 10, 1, 1, 1]
[1786, 7057, 973, 154, 23, 5, 2]
[6814, 2213, 81, 37, 117, 298, 371, 27, 31, 5, 6]
[791, 2382, 5242, 715, 392, 292, 22, 139, 7, 11, 5, 1, 1]
[3478, 2544, 2166, 1802, 8, 1, 1]
[1374, 5500, 509, 434, 1987, 148, 7, 40, 1]
[2515, 1010, 6348, 100, 1, 4, 8, 13, 1]
[5253, 215, 1889, 2568, 11, 5, 1, 4, 12, 26, 15, 1]
[1827, 8021, 4, 37, 61, 25, 5, 16, 4]
[9093, 87, 80, 19, 391, 80, 76, 19, 49, 102, 2, 1, 1]
[6596, 3134, 11, 144, 113, 1, 1]
[858, 148, 1250, 4445, 2598, 235, 298, 147, 17, 1, 3]
[7398, 1966, 358, 201, 6, 27, 37, 1, 2, 3, 1]
[4714, 2726, 434, 38, 206, 659, 438, 386, 115, 50, 84, 60, 43, 22, 5, 9, 6, 5]
[1097, 4829, 975, 2507, 267, 234, 61, 28, 2]
[8209, 1116, 194, 480, 1]
[5700, 60, 409, 3335, 174, 91, 110, 105, 12, 2, 2]
[2222, 734, 430, 3473, 697, 1888, 495, 22, 22, 8, 3, 4, 1, 1]
[976, 565, 8459]
[1445, 2928, 4548, 220, 621, 89, 31, 65, 41, 7, 4, 1]
[3142, 84, 2799, 2317, 534, 392, 89, 292, 351]
[9358, 27, 202, 174, 46, 55, 5, 9, 14, 76, 1, 25, 8]
[2084, 7468, 284, 42, 21, 54, 38, 5, 1, 1, 2]
100.00
100.00
[2910, 1739, 3869, 341, 543, 346, 3, 111, 88, 12, 12, 5, 6, 9, 4, 2]
[3959, 4790, 675, 246, 283, 11, 10, 13, 12, 1]
[9292, 564, 19, 67, 39, 14, 5]
[9073, 736, 51, 74, 30, 30, 5, 1]
[3067, 780, 5899, 145, 61, 17, 15, 1, 8, 3, 4]
[2479, 5552, 621, 568, 322, 97, 308, 18, 22, 7, 2, 1, 1, 2]
[6384, 2599, 329, 257, 262, 161, 8]
[1939, 221, 4600, 3029, 209, 1, 1]
[8300, 916, 397, 84, 296, 4, 1, 2]
[1731, 5321, 2386, 309, 35, 117, 26, 66, 6, 1, 2]
[1535, 5563, 1573, 954, 100, 40, 22, 34, 6, 98, 22, 32, 1, 16, 4]
[6528, 317, 1190, 127, 197, 1590, 17, 32, 2]
[5485, 2205, 2149, 62, 4, 32, 56, 3, 3, 1]
[5879, 3876, 86, 72, 4, 50, 30, 1, 2]
[7934, 1200, 214, 365, 115, 135, 11, 1, 20, 1, 4]
[4674, 589, 2428, 107, 2042, 1, 24, 34, 14, 21, 17, 15, 17, 10, 6, 1]
[936, 4993, 2860, 972, 228, 6, 1, 3, 1]
[5228, 992, 3018, 48, 165, 326, 212, 4, 5, 2]
[6272, 2720, 236, 313, 17, 293, 97, 37, 11, 2, 1, 1]
[3830, 3640, 1189, 933, 162, 203, 9, 34]
[3522, 5239, 988, 202, 42, 7]
100.00
[326, 6658, 974, 760, 970, 259, 42, 5, 2, 3, 1]
[4526, 5216, 175, 44, 35, 2, 2]
[6484, 2876, 110, 293, 230, 7]
[9780, 4, 178, 10, 20, 2, 2, 3, 1]
[9298, 487, 124, 61, 16, 2, 10, 2]
100.00
[9763, 85, 36, 30, 62, 2, 2, 12, 1, 4, 3]
[9403, 449, 49, 17, 81, 1]
[942, 2905, 1140, 3623, 1286, 83, 18, 1, 2]
[2661, 2981, 2408, 69, 361, 499, 986, 23, 9, 3]
[797, 1286, 646, 548, 3478, 1582, 436, 847, 269, 101, 4, 1, 4, 1]
[3956, 357, 2856, 280, 2536, 9, 5, 1]
[5106, 2864, 743, 654, 275, 51, 36, 177, 90, 2, 2]
[4459, 507, 1726, 1878, 904, 40, 95, 216, 104, 9, 13, 14, 29, 1, 1, 3, 1]
[1603, 5794, 2436, 134, 32, 1]
[5382, 3992, 317, 44, 114, 44, 8, 31, 57, 7, 4]
[2790, 6793, 376, 27, 10, 4]
[8953, 544, 224, 2, 211, 38, 8, 15, 2, 3]
[5582, 1434, 2011, 278, 121, 286, 214, 50, 16, 6, 2]
[6187, 3764, 5, 38, 4, 2]
[4435, 3992, 1044, 211, 40, 116, 15, 14, 2, 89, 20, 16, 1, 3, 2]
[9147, 201, 248, 214, 13, 143, 19, 7, 1, 1, 2, 2, 2]
[4202, 461, 1139, 2429, 382, 355, 675, 139, 193, 23, 2]
[8694, 848, 359, 6, 40, 37, 11, 2, 1, 2]
[4386, 1066, 2379, 541, 572, 141, 393, 182, 287, 27, 21, 1, 1, 1, 2]
[2297, 6358, 377, 547, 350, 13, 14, 20, 10, 14]
[3056, 36, 65, 5494, 121, 59, 661, 390, 48, 22, 15, 26, 2, 2, 3]
[2111, 5583, 757, 840, 213, 468, 7, 2, 4, 2, 11, 2]
100.00
[6734, 2432, 781, 50, 3]
[8566, 1184, 91, 39, 19, 84, 10, 4, 3]
[4664, 2793, 260, 210, 194, 1868, 7, 2, 1, 1]
[6511, 2378, 149, 820, 124, 11, 1, 2, 4]
[9407, 57, 31, 126, 160, 116, 56, 11, 25, 2, 4, 2, 2, 1]
[8391, 838, 681, 39, 11, 25, 5, 5, 4, 1]
[4083, 5142, 449, 217, 12, 94, 3]
[6754, 761, 351, 2009, 85, 21, 15, 3, 1]
[476, 7108, 2383, 18, 1, 3, 4, 6, 1]
[8283, 19, 1676, 7, 6, 9]
[4168, 1145, 141, 496, 1301, 668, 1628, 34, 256, 96, 57, 9, 1]
[9918, 47, 19, 9, 3, 3, 1]
100.00
[6121, 2393, 1031, 29, 277, 76, 60, 4, 7, 2]
[2343, 2616, 2648, 602, 832, 457, 49, 443, 6, 3, 1]
[8966, 171, 528, 154, 54, 102, 21, 4]
[4318, 854, 2719, 1081, 528, 161, 202, 94, 3, 31, 3, 4, 1, 1]
[967, 4355, 2400, 1431, 663, 16, 25, 140, 3]
[1197, 4705, 1096, 2187, 324, 235, 24, 140, 28, 3, 36, 7, 5, 6, 6, 1]
[2536, 3337, 2793, 532, 444, 345, 6, 4, 3]
100.00
[4128, 4877, 326, 293, 268, 96, 9, 2, 1]
[9562, 147, 103, 169, 3, 8, 3, 1, 2, 1, 1]
[9665, 104, 63, 165, 1, 1, 1]
[662, 5132, 3617, 432, 103, 42, 6, 5, 1]
[2142, 7196, 537, 21, 95, 4, 4, 1]
[211, 7232, 2279, 114, 98, 15, 30, 20, 1]
[9617, 146, 64, 1, 6, 62, 32, 55, 16, 1]
[6620, 446, 2083, 230, 360, 210, 1, 28, 10, 9, 2, 1]
[8155, 982, 105, 99, 481, 41, 52, 77, 6, 1, 1]
[7982, 681, 664, 87, 45, 363, 59, 8, 51, 1, 50, 2, 4, 1, 2]
[7518, 380, 689, 1361, 10, 19, 7, 9, 3, 2, 1, 1]
[2678, 4475, 1295, 193, 323, 683, 63, 171, 44, 60, 6, 9]
[4882, 207, 598, 1727, 2549, 7, 19, 4, 5, 1, 1]
[1945, 7468, 323, 178, 45, 13, 16, 9, 3]
[9318, 183, 150, 28, 264, 35, 13, 4, 2, 3]
[8053, 1158, 587, 201, 1]
[3194, 2957, 2875, 445, 452, 51, 1, 22, 1, 1, 1]
[1675, 76, 6000, 475, 774, 802, 176, 18, 2, 1, 1]
[5066, 1095, 1122, 1696, 617, 118, 166, 23, 48, 10, 20, 13, 3, 3]
[1631, 4273, 1229, 1793, 330, 56, 51, 452, 65, 89, 10, 20, 1]
100.00
[8381, 531, 525, 347, 210, 6]
[2686, 2943, 1188, 2921, 72, 141, 23, 26]
[3581, 1389, 4951, 30, 14, 19, 1, 3, 4, 1, 2, 4, 1]
[1241, 743, 6024, 1553, 47, 11, 111, 245, 22, 2, 1]
[4655, 3832, 1391, 58, 30, 23, 1, 8, 1, 1]
[7736, 97, 617, 151, 684, 94, 232, 13, 125, 180, 18, 53]
[9375, 353, 186, 60, 1, 19, 1, 1, 1, 3]
[1082, 5881, 3023, 8, 5, 1]
[1055, 7740, 308, 808, 71, 8, 3, 5, 2]
[4249, 5431, 129, 132, 15, 34, 3, 3, 4]
[5041, 1545, 500, 2125, 563, 63, 49, 34, 22, 40, 13, 1, 3, 1]
[9615, 209, 154, 17, 1, 3, 1]
[2482, 1538, 5466, 47, 273, 144, 3, 46, 1]
[958, 579, 8108, 248, 81, 11, 15]
[6665, 1129, 1686, 503, 14, 2, 1]
[1936, 2046, 634, 4201, 376, 459, 34, 290, 1, 14, 4, 2, 1, 2]
[1517, 394, 8016, 55, 9, 4, 4, 1]
[3338, 720, 396, 2576, 2384, 55, 18, 338, 162, 12, 1]
100.00
[831, 8571, 555, 21, 5, 6, 8, 1, 2]
[8233, 1005, 369, 78, 86, 86, 129, 5, 3, 4, 1, 1]
[9756, 189, 28, 17, 2, 4, 2, 1, 1]
[5378, 2071, 143, 894, 825, 217, 377, 45, 40, 3, 7]
[5986, 1133, 127, 1769, 84, 211, 456, 172, 1, 58, 2, 1]
[2002, 6949, 298, 539, 84, 11, 41, 29, 31, 4, 7, 2, 2, 1]
[889, 4013, 3796, 714, 546, 40, 1, 1]
[6490, 3176, 197, 101, 20, 1, 11, 1, 2, 1]
[6728, 1943, 1284, 30, 10, 4, 1]
[7403, 1097, 1009, 261, 84, 16, 58, 37, 19, 10, 4, 1, 1]
100.00
100.00
[7702, 230, 295, 479, 1117, 119, 49, 5, 1, 1, 2]
[4811, 2315, 1529, 855, 387, 52, 49, 2]
[1707, 4354, 3137, 148, 612, 25, 2, 13, 2]
[2110, 2381, 2853, 767, 600, 4, 4, 929, 123, 18, 23, 78, 102, 7, 1]
[1913, 5109, 1379, 610, 30, 663, 83, 83, 73, 29, 28]
[3485, 2547, 3878, 84, 1, 1, 3, 1]
[3318, 5993, 53, 194, 336, 98, 5, 2, 1]
[591, 4878, 1658, 1105, 322, 491, 299, 220, 206, 106, 61, 7, 55, 1]
[5518, 3841, 22, 572, 5, 19, 2, 4, 7, 8, 2]
[7322, 2364, 55, 241, 7, 4, 7]
[1199, 5383, 3408, 10]
[3384, 5604, 471, 379, 153, 9]
[6953, 1334, 349, 1357, 6, 1]
[679, 7145, 733, 1390, 39, 3, 6, 4, 1]
[1962, 412, 7130, 409, 8, 2, 39, 21, 17]
[1802, 3192, 4236, 358, 184, 180, 39, 9]
[8206, 361, 193, 384, 158, 445, 162, 74, 7, 1, 5, 2, 1, 1]
[9065, 193, 576, 147, 19]
[5615, 2438, 1758, 80, 2, 13, 16, 47, 27, 3, 1]
100.00
[76, 3050, 4515, 193, 301, 859, 733, 65, 176, 31, 1]
[6126, 420, 1472, 1214, 641, 83, 14, 10, 7, 1, 3, 8, 1]
100.00
100.00
[8215, 1615, 31, 76, 29, 15, 12, 1, 6]
[2507, 6425, 496, 170, 196, 162, 26, 7, 7, 1, 2, 1]
[2111, 1207, 702, 2323, 992, 1613, 284, 420, 57, 62, 167, 23, 37, 1, 1]
100.00
[6663, 2730, 198, 332, 44, 25, 5, 1, 1, 1]
100.00
[4823, 2676, 671, 1544, 196, 60, 28, 2]
[5695, 1454, 1625, 337, 369, 35, 44, 408, 3, 21, 6, 1, 1, 1]
[3434, 1070, 4098, 572, 97, 96, 449, 132, 9, 36, 6, 1]
[3391, 5442, 453, 592, 19, 95, 6, 2]
[5414, 4572, 2, 7, 1, 3, 1]
[6554, 3207, 115, 7, 8, 1, 57, 14, 12, 16, 4, 5]
[4281, 622, 1404, 3491, 173, 4, 9, 4, 5, 7]
[3229, 4174, 1099, 106, 885, 51, 373, 39, 11, 32, 1]
[4961, 4487, 72, 356, 44, 18, 38, 15, 1, 1, 1, 1, 4, 1]
[2065, 1103, 6414, 119, 165, 68, 39, 10, 10, 7]
100.00
[3151, 651, 6042, 17, 19, 117, 2, 1]
[2397, 7039, 63, 350, 113, 6, 31, 1]
[1463, 1904, 3603, 1794, 1010, 9, 141, 60, 5, 9, 2]
[2269, 4002, 1422, 2016, 64, 50, 97, 9, 3, 16, 9, 32, 9, 1, 1]
[3990, 1602, 4374, 11, 16, 3, 3, 1]
[1078, 4441, 4356, 78, 37, 8, 1, 1]
[952, 8464, 520, 34, 29, 1]
[3742, 3856, 77, 1716, 398, 168, 42, 1]
100.00
[3568, 5424, 1000, 5, 1, 2]
[1366, 2427, 763, 2832, 1592, 413, 455, 136, 2, 1, 3, 7, 2, 1]
[5915, 925, 2027, 309, 196, 395, 54, 92, 62, 8, 6, 2, 8, 1]
[7686, 1871, 294, 137, 1, 3, 6, 1, 1]
[2902, 3647, 3233, 152, 47, 3, 5, 5, 6]
[1240, 6043, 449, 731, 521, 235, 372, 231, 154, 2, 17, 2, 3]
[3935, 4254, 147, 1025, 446, 118, 50, 1, 10, 9, 5]
[5500, 3530, 219, 357, 28, 261, 30, 34, 34, 3, 2, 1, 1]
[8768, 725, 502, 2, 3]
100.00
100.00
[4788, 1024, 101, 2860, 319, 598, 26, 57, 63, 32, 73, 55, 4]
[1498, 5617, 635, 1626, 20, 559, 41, 2, 2]
[2373, 6328, 283, 871, 123, 20, 1, 1]
[288, 1205, 2543, 3751, 2061, 116, 23, 4, 5, 2, 1, 1]
[4466, 1877, 3026, 26, 340, 246, 16, 1, 2]
[8068, 1507, 69, 202, 19, 124, 7, 2, 2]
[3026, 3758, 1611, 1103, 43, 128, 93, 66, 129, 7, 2, 10, 18, 6]
[1197, 5417, 2202, 646, 59, 463, 10, 1, 4, 1]
[1105, 658, 4004, 3373, 328, 267, 190, 4, 51, 10, 6, 2, 2]
[9104, 429, 25, 381, 17, 6, 16, 2, 6, 7, 7]
[5344, 4287, 18, 108, 25, 200, 8, 7, 3]
[14, 4246, 268, 5472]
[242, 9496, 68, 92, 66, 34, 1, 1]
[2876, 4415, 625, 1525, 91, 357, 29, 65, 11, 2, 4]
[1385, 5044, 2840, 193, 373, 129, 15, 10, 10, 1]
[5145, 494, 289, 2803, 1052, 85, 93, 20, 8, 11]
[9091, 393, 429, 87]
[9449, 501, 32, 4, 7, 1, 5, 1]
[7591, 1019, 460, 717, 42, 21, 74, 48, 28]
[1937, 3535, 2051, 1975, 170, 289, 19, 16, 3, 3, 2]
[1599, 8307, 31, 5, 48, 1, 6, 1, 2]
[2587, 7110, 41, 213, 44, 5]
[5410, 695, 3511, 253, 130, 1]
[2999, 1576, 4933, 84, 403, 2, 1, 1, 1]
[6808, 353, 79, 940, 935, 65, 241, 202, 371, 5, 1]
[8336, 1122, 486, 19, 1, 36]
[2996, 164, 5221, 902, 272, 397, 8, 4, 33, 2, 1]
100.00
[292, 1190, 7610, 443, 387, 56, 22]
[342, 264, 7987, 669, 583, 105, 29, 2, 17, 1, 1]
[8192, 1669, 2, 101, 13, 2, 12, 3, 5, 1]
[5587, 3853, 375, 148, 7, 22, 4, 1, 3]
[3383, 5575, 73, 549, 385, 29, 4, 1, 1]
[5545, 4241, 155, 24, 13, 10, 4, 2, 1, 2, 1, 1, 1]
[8192, 794, 141, 675, 41, 25, 89, 30, 5, 2, 2, 4]
[6945, 1913, 238, 742, 137, 15, 9, 1]
[3212, 2383, 4215, 31, 25, 70, 48, 3, 12, 1]
[3768, 1835, 3078, 346, 44, 669, 176, 21, 29, 5, 14, 3, 8, 4]
[9065, 917, 15, 1, 2]
[3423, 4116, 370, 1213, 336, 413, 81, 16, 27, 5]
[6280, 2823, 614, 198, 81, 2, 2]
[6570, 3007, 336, 3, 16, 37, 31]
[3271, 5939, 229, 32, 498, 30, 1]
[1551, 4327, 3571, 120, 231, 113, 40, 15, 18, 1, 10, 1, 2]
[1588, 6694, 1507, 198, 1, 11, 1]
[6620, 1761, 1072, 296, 244, 5, 2]
[3327, 5719, 214, 249, 327, 126, 24, 4, 1, 7, 1, 1]
[9315, 116, 20, 305, 155, 65, 14, 1, 9]
[2465, 1128, 3817, 1861, 708, 21]
[8905, 266, 60, 275, 359, 9, 17, 76, 16, 6, 2, 6, 1, 2]
[5711, 3007, 683, 183, 293, 11, 103, 1, 3, 5]
[1194, 4213, 2301, 932, 1297, 34, 26, 2, 1]
[8046, 578, 1009, 176, 54, 135, 2]
[5286, 3020, 1345, 205, 140, 1, 3]
[4194, 2417, 1971, 1291, 34, 6, 12, 73, 2]
[3655, 106, 775, 4, 1989, 120, 1392, 1382, 159, 256, 143, 14, 4, 1]
[608, 2603, 571, 5688, 389, 29, 6, 6, 37, 51, 9, 2, 1]
[2284, 7574, 51, 74, 17]
[9366, 24, 554, 36, 15, 5]
[7577, 1071, 295, 433, 53, 457, 2, 78, 9, 11, 2, 9, 3]
[11, 4880, 287, 2416, 1120, 483, 73, 216, 329, 145, 19, 5, 12, 1, 2, 1]
[3058, 4482, 1041, 702, 59, 8, 303, 237, 11, 10, 80, 8, 1]
[7898, 524, 1533, 4, 11, 26, 2, 1, 1]
[8296, 995, 284, 174, 134, 93, 21, 2, 1]
[640, 7788, 891, 674, 4, 1, 1, 1]
[9570, 74, 295, 9, 35, 8, 6, 2, 1]
[3029, 4443, 2110, 56, 249, 104, 2, 2, 5]
[334, 1433, 6502, 1725, 3, 1, 1, 1]
[5191, 1011, 3687, 68, 23, 10, 4, 1, 1, 3, 1]
[4047, 2496, 2548, 737, 108, 30, 24, 7, 2, 1]
[5700, 3514, 336, 354, 69, 20, 4, 2, 1]
[9715, 11, 241, 14, 18, 1]
[1165, 995, 3676, 2582, 1005, 298, 219, 57, 1, 1, 1]
100.00
[4642, 3808, 1114, 356, 2, 49, 10, 8, 6, 5]
[8862, 444, 335, 42, 171, 87, 50, 3, 5, 1]
[9067, 876, 3, 4, 41, 4, 2, 3]
[7669, 251, 662, 696, 215, 319, 164, 8, 8, 3, 3, 1, 1]
[5276, 1620, 846, 895, 1167, 43, 34, 11, 41, 62, 4, 1]
[3813, 5887, 235, 58, 5, 2]
[3000, 6537, 431, 13, 16, 3]
[8721, 638, 68, 465, 28, 5, 72, 2, 1]
[1060, 8505, 156, 86, 42, 100, 29, 6, 3, 8, 1, 3, 1]
[5592, 2609, 1025, 697, 8, 19, 50]
[7396, 961, 28, 780, 258, 263, 278, 3, 28, 1, 2, 1, 1]
[3405, 6527, 29, 32, 6, 1]
[6361, 1678, 1433, 384, 18, 42, 40, 8, 14, 13, 3, 4, 2]
[6867, 2633, 278, 60, 19, 136, 4, 2, 1]
[9480, 368, 150, 2]
[988, 5742, 2228, 59, 58, 243, 635, 4, 25, 1, 3, 1, 7, 4, 2]
[2552, 4644, 414, 1435, 657, 47, 243, 7, 1]
[3379, 2061, 2881, 1633, 22, 18, 5, 1]
[6540, 1676, 1385, 373, 7, 12, 1, 6]
[8953, 533, 272, 75, 3, 138, 16, 2, 6, 1, 1]
[765, 169, 2753, 1141, 2484, 854, 415, 844, 550, 6, 17, 1, 1]
[4057, 2245, 1989, 378, 642, 131, 82, 81, 383, 3, 6, 3]
[2772, 3483, 1732, 793, 280, 616, 176, 27, 111, 9, 1]
[168, 3612, 4312, 1873, 20, 15]
[5660, 2293, 1626, 126, 277, 12, 2, 2, 1, 1]
[6761, 1447, 1244, 417, 123, 1, 6, 1]
[2734, 6955, 261, 47, 2, 1]
[5468, 473, 634, 2762, 341, 132, 184, 2, 3, 1]
[2936, 524, 291, 693, 5540, 2, 12, 1, 1]
[6543, 1353, 2071, 17, 2, 6, 4, 4]
[883, 5805, 1831, 1275, 157, 22, 6, 9, 2, 10]
[6356, 2, 3325, 53, 112, 145, 5, 1, 1]
[45, 1610, 1403, 3777, 553, 2575, 23, 13, 1]
[6206, 912, 19, 2584, 5, 15, 19, 46, 84, 34, 19, 39, 18]
[907, 7538, 541, 481, 86, 401, 44, 2]
[4252, 2356, 1110, 1385, 362, 372, 104, 35, 11, 12, 1]
[7739, 2089, 59, 40, 34, 19, 6, 11, 2, 1]
[3116, 5829, 219, 51, 159, 624, 2]
[3254, 2114, 1803, 423, 1117, 424, 355, 333, 11, 22, 125, 18, 1]
[1830, 3344, 956, 278, 2646, 193, 325, 365, 51, 7, 3, 2]
[8234, 171, 739, 174, 592, 56, 3, 29, 1, 1]
[7261, 54, 2474, 2, 160, 19, 3, 26, 1]
100.00
[5586, 2855, 1310, 179, 14, 7, 2, 35, 1, 9, 1, 1]
[2406, 6918, 249, 146, 151, 8, 35, 65, 19, 3]
[7744, 1927, 26, 117, 152, 22, 5, 7]
[7733, 1766, 221, 63, 97, 45, 57, 10, 4, 2, 2]
[5024, 4430, 447, 79, 16, 3, 1]
[182, 852, 2130, 5266, 1099, 84, 187, 81, 96, 7, 6, 1, 6, 1, 2]
[3850, 637, 4905, 210, 380, 6, 7, 2, 1, 2]
[3188, 5772, 70, 408, 558, 1, 1, 2]
[6062, 257, 1236, 1134, 11, 280, 384, 339, 74, 42, 29, 15, 44, 36, 27, 17, 8, 5]
[4245, 2677, 817, 861, 116, 1157, 96, 5, 1, 1, 3, 14, 5, 1, 1]
[5006, 2452, 41, 1747, 434, 173, 117, 9, 12, 1, 2, 6]
[9562, 326, 105, 2, 4, 1]
[5132, 1559, 3013, 212, 55, 22, 4, 3]
[67, 5860, 2357, 1511, 111, 82, 1, 11]
[4561, 106, 3933, 344, 551, 102, 52, 203, 11, 75, 56, 4, 1, 1]
[2684, 3074, 3653, 577, 9, 3]
[4061, 3781, 1455, 404, 1, 129, 84, 44, 33, 7, 1]
[8311, 1188, 276, 91, 101, 4, 16, 2, 4, 4, 1, 2]
[8622, 733, 298, 292, 14, 41]
[2044, 4499, 1484, 1285, 227, 138, 8, 46, 75, 85, 32, 8, 9, 57, 1, 1, 1]
[8741, 60, 365, 805, 23, 4, 1, 1]
[6360, 1367, 1067, 260, 210, 143, 63, 383, 39, 79, 21, 6, 2]
[8536, 237, 1146, 53, 25, 2, 1]
[2963, 2038, 3442, 403, 1137, 6, 1, 5, 2, 3]
[7489, 1267, 403, 407, 358, 12, 10, 7, 43, 3, 1]
[979, 2805, 3367, 1427, 672, 484, 241, 9, 11, 5]
[1913, 1188, 751, 3154, 48, 1777, 933, 10, 117, 64, 1, 3, 12, 20, 7, 2]
100.00
100.00
[5366, 3003, 55, 1548, 23, 2, 1, 1, 1]
100.00
[9184, 63, 167, 331, 17, 125, 21, 68, 10, 11, 3]
[5471, 1275, 2074, 282, 323, 366, 181, 26, 2]
[5312, 3739, 585, 237, 8, 24, 15, 77, 1, 2]
[1801, 7958, 2, 181, 12, 7, 30, 2, 7]
[3874, 5829, 124, 70, 11, 68, 6, 1, 6, 1, 1, 3, 1, 4, 1]
[9386, 172, 22, 86, 153, 148, 27, 5, 1]
[126, 5990, 423, 2282, 176, 67, 48, 94, 226, 565, 2, 1]
[9750, 17, 100, 11, 58, 28, 22, 3, 6, 2, 1, 2]
[9703, 50, 91, 28, 68, 50, 9, 1]
[2091, 6222, 1179, 431, 44, 7, 13, 9, 3, 1]
[8254, 800, 821, 68, 34, 21, 1, 1]
[4727, 809, 903, 3371, 26, 103, 32, 13, 8, 1, 6, 1]
[469, 5871, 883, 1611, 881, 238, 36, 7, 1, 1, 1, 1]
[2562, 1026, 792, 3724, 504, 415, 792, 53, 40, 27, 39, 4, 12, 4, 4, 2]
[3987, 3222, 1206, 974, 515, 17, 52, 15, 1, 5, 1, 1, 3, 1]
[5177, 3314, 475, 758, 189, 46, 12, 10, 12, 5, 2]
[6109, 1871, 290, 902, 482, 78, 132, 62, 30, 7, 19, 14, 2, 2]
[6430, 2955, 272, 157, 6, 154, 22, 2, 2]
[6919, 1609, 432, 457, 361, 50, 36, 50, 61, 21, 3, 1]
[3726, 1097, 511, 826, 3265, 104, 324, 98, 30, 3, 5, 5, 4, 2]
[6476, 764, 2364, 50, 127, 71, 21, 103, 24]
[4852, 3936, 644, 364, 175, 24, 1, 2, 1, 1]
[5709, 545, 3712, 2, 17, 5, 7, 3]
[1246, 2377, 5767, 237, 170, 100, 95, 6, 1, 1]
[8025, 671, 1296, 3, 5]
[6779, 2786, 301, 40, 79, 11, 1, 2, 1]
[2565, 2339, 663, 947, 1776, 1402, 274, 8, 2, 23, 1]
[4317, 2212, 1695, 1746, 11, 2, 9, 5, 1, 2]
[8291, 253, 755, 42, 542, 56, 51, 9, 1]
100.00
[2601, 4072, 859, 1156, 190, 684, 265, 146, 14, 8, 2, 2, 1]
[6377, 711, 2625, 49, 118, 41, 58, 21]
[8085, 1893, 1, 8, 9, 3, 1]
[9209, 69, 36, 366, 47, 50, 16, 88, 25, 91, 2, 1]
[8385, 923, 456, 233, 1, 2]
[125, 6240, 1784, 408, 896, 479, 4, 23, 18, 2, 13, 4, 2, 1, 1]
[5466, 4044, 357, 78, 47, 5, 2, 1]
[2802, 766, 5443, 715, 188, 15, 57, 2, 6, 4, 1, 1]
[5397, 3333, 620, 77, 549, 16, 2, 1, 1, 4]
[8809, 671, 11, 229, 189, 28, 24, 14, 3, 6, 6, 3, 6, 1]
[6966, 670, 2324, 39, 1]
[4097, 141, 1355, 359, 1923, 348, 1455, 41, 72, 117, 33, 2, 33, 12, 12]
[2432, 1577, 714, 2005, 886, 1020, 1213, 140, 1, 9, 2, 1]
[4557, 2770, 293, 790, 1099, 189, 297, 1, 1, 3]
[6952, 2831, 187, 27, 2, 1]
[4012, 1883, 1006, 535, 1808, 123, 552, 79, 1, 1]
[3871, 3795, 1381, 653, 21, 21, 61, 147, 8, 23, 1, 1, 2, 14, 1]
[7935, 1177, 604, 51, 29, 191, 13]
[5601, 4326, 59, 8, 2, 2, 2]
100.00
[5348, 800, 1321, 115, 712, 700, 615, 386, 2, 1]
[22, 1434, 6685, 1383, 331, 142, 2, 1]
[4386, 1815, 919, 96, 2256, 148, 28, 227, 119, 5, 1]
100.00
100.00
[2276, 5261, 2164, 206, 17, 61, 6, 3, 6]
100.00
[1294, 1882, 3909, 1408, 1353, 77, 30, 35, 8, 3, 1]
[8636, 679, 284, 9, 186, 75, 131]
[113, 1299, 7828, 275, 62, 200, 70, 146, 4, 2, 1]
[6897, 1469, 1506, 25, 74, 1, 2, 15, 7, 4]
[2862, 1394, 2391, 1966, 185, 302, 242, 582, 1, 57, 18]
[7709, 1570, 48, 442, 97, 29, 44, 14, 25, 11, 6, 2, 3]
[75, 3546, 1177, 5018, 159, 19, 4, 2]
[6848, 2544, 4, 494, 108, 1, 1]
[79, 324, 4546, 514, 4044, 12, 285, 113, 4, 42, 7, 1, 24, 5]
[8475, 5, 195, 450, 552, 91, 197, 29, 1, 3, 1, 1]
100.00
[5612, 3951, 371, 53, 9, 2, 1, 1]
[7284, 300, 744, 1050, 222, 71, 36, 55, 86, 10, 105, 12, 12, 4, 6, 3]
[1653, 5991, 1882, 248, 20, 146, 16, 42, 1, 1]
[3370, 5941, 107, 208, 115, 256, 3]
[1954, 4854, 565, 2394, 19, 86, 53, 31, 8, 25, 8, 2, 1]
[3885, 5772, 266, 58, 13, 2, 2, 2]
[8839, 594, 106, 188, 129, 65, 71, 8]
[3929, 1314, 3759, 287, 530, 28, 46, 2, 69, 22, 11, 1, 1, 1]
100.00
[8985, 900, 42, 4, 12, 2, 37, 15, 1, 2]
[1976, 4844, 2618, 531, 17, 8, 4, 2]
[7100, 1921, 153, 512, 144, 52, 33, 38, 25, 18, 2, 1, 1]
[2694, 913, 2170, 366, 3534, 260, 2, 43, 15, 2, 1]
[5075, 23, 3689, 937, 264, 9, 3]
[6415, 2821, 218, 58, 140, 227, 71, 43, 4, 2, 1]
[9136, 55, 533, 2, 100, 72, 24, 20, 5, 53]
[3542, 2842, 446, 1900, 1006, 119, 44, 68, 7, 13, 5, 6, 1, 1]
[1667, 6202, 894, 71, 925, 41, 117, 80, 2, 1]
[9305, 592, 55, 21, 24, 3]
[1875, 7833, 20, 178, 73, 2, 9, 2, 2, 4, 2]
100.00
[1706, 7782, 123, 98, 76, 58, 40, 52, 6, 52, 6, 1]
[1462, 3872, 2374, 380, 1335, 511, 58, 4, 1, 3]
[5252, 884, 1769, 25, 1869, 83, 46, 32, 11, 23, 4, 2]
[7833, 568, 545, 273, 202, 454, 9, 86, 29, 1]
[2046, 521, 2869, 1419, 1732, 674, 368, 199, 33, 127, 5, 4, 1, 2]
[9467, 55, 449, 25, 4]
[1324, 2327, 1123, 2052, 1263, 931, 164, 7, 240, 528, 14, 2, 5, 19, 1]
[5663, 892, 1414, 535, 1200, 196, 69, 17, 14]
[9375, 239, 172, 126, 30, 3, 43, 6, 3, 1, 2]
[3170, 3007, 1226, 1109, 370, 27, 802, 105, 141, 22, 13, 7, 1]
[5333, 1971, 1415, 208, 41, 986, 14, 4, 8, 16, 2, 2]
[7682, 788, 4, 1169, 87, 253, 7, 6, 4]
[598, 3839, 506, 4700, 263, 41, 15, 23, 7, 4, 1, 1, 1, 1]
[170, 3185, 712, 3191, 1220, 781, 469, 236, 2, 30, 4]
100.00
[4311, 2604, 1116, 164, 1767, 3, 28, 5, 1, 1]
[713, 2820, 3236, 2455, 438, 173, 55, 25, 80, 4, 1]
[664, 2724, 549, 3681, 1608, 201, 197, 348, 1, 19, 1, 7]
[2703, 1759, 1393, 1300, 822, 1455, 444, 14, 66, 30, 14]
[3359, 6203, 248, 160, 17, 2, 2, 1, 2, 5, 1]
[9387, 584, 20, 6, 3]
[1417, 4498, 1001, 572, 2069, 434, 2, 3, 2, 1, 1]
[3685, 245, 3240, 2144, 64, 114, 499, 7, 2]
[8127, 323, 1001, 27, 368, 17, 67, 2, 38, 18, 8, 3, 1]
[3738, 375, 5569, 196, 26, 24, 69, 2, 1]
100.00
[2126, 5893, 867, 1073, 18, 3, 7, 6, 4, 3]
[8150, 901, 83, 545, 216, 34, 26, 38, 2, 2, 3]
[174, 9696, 41, 55, 28, 4, 1, 1]
100.00
[7437, 166, 2327, 16, 45, 5, 4]
[4556, 4466, 113, 96, 750, 6, 6, 1, 1, 4, 1]
[1198, 5164, 3199, 166, 239, 23, 4, 4, 1, 2]
[7719, 90, 1307, 587, 15, 253, 6, 12, 11]
[6396, 3072, 108, 202, 78, 134, 7, 2, 1]
[8131, 1143, 541, 137, 11, 12, 1, 18, 1, 4, 1]
[581, 5466, 2319, 214, 1399, 6, 13, 2]
[8557, 965, 198, 104, 152, 10, 5, 4, 5]
[7918, 1187, 779, 1, 11, 55, 26, 14, 7, 1, 1]
[642, 2682, 3457, 2385, 15, 558, 213, 45, 1, 2]
[1303, 5801, 2835, 24, 22, 14, 1]
[2969, 1576, 2220, 1223, 178, 157, 577, 227, 126, 677, 65, 1, 4]
[1418, 1755, 1518, 2066, 665, 1761, 758, 12, 40, 4, 2, 1]
[182, 4200, 4589, 666, 310, 33, 19, 1]
[5007, 1627, 2230, 780, 272, 17, 46, 3, 2, 12, 4]
[5017, 3140, 891, 143, 106, 445, 253, 5]
100.00
[9889, 40, 3, 39, 9, 10, 5, 5]
[8508, 1208, 256, 3, 21, 3, 1]
[3307, 494, 1570, 2369, 2128, 19, 77, 11, 15, 6, 4]
100.00
[270, 7685, 1618, 364, 54, 7, 1, 1]
[7884, 1310, 780, 6, 17, 1, 2]
[7579, 1166, 827, 222, 172, 4, 30]
[2632, 2622, 4143, 478, 15, 56, 2, 4, 9, 33, 2, 4]
[3558, 678, 3535, 6, 446, 920, 65, 543, 2, 190, 19, 1, 24, 4, 9]
[3788, 2433, 344, 2711, 84, 308, 95, 91, 64, 70, 9, 1, 1, 1]
100.00
[8933, 336, 488, 34, 21, 57, 70, 59, 2]
[2466, 2870, 445, 3933, 94, 167, 5, 9, 6, 2, 3]
[1624, 5887, 2058, 330, 82, 15, 3, 1]
[6464, 2825, 579, 61, 38, 13, 4, 13, 1, 1, 1]
[5539, 401, 171, 412, 120, 2314, 158, 315, 445, 11, 57, 32, 11, 3, 2, 8, 1]
[6152, 279, 2468, 183, 898, 3, 7, 2, 2, 2, 3, 1]
[3290, 4759, 53, 1102, 365, 33, 289, 31, 10, 49, 4, 3, 4, 5, 2, 1]
[3073, 2306, 3228, 74, 1229, 20, 70]
[351, 914, 7861, 673, 70, 57, 64, 4, 4, 1, 1]
[4412, 3372, 294, 1737, 91, 67, 16, 11]
[5471, 2710, 881, 306, 181, 30, 68, 173, 106, 42, 14, 1, 11, 3, 3]
[9417, 108, 376, 99]
[2922, 2941, 2847, 522, 212, 161, 335, 21, 36, 1, 1, 1]
[2295, 5756, 1903, 23, 6, 11, 1, 5]
[5340, 1238, 2965, 323, 23, 32, 38, 15, 20, 2, 3, 1]
[2396, 5369, 1216, 359, 474, 107, 47, 28, 3, 1]
[2407, 27, 1660, 907, 3969, 816, 87, 66, 4, 20, 37]
[6224, 1521, 1511, 174, 561, 7, 1, 1]
100.00
[7980, 860, 618, 531, 3, 6, 1, 1]
[2590, 1680, 3757, 1437, 123, 391, 11, 9, 1, 1]
[893, 4709, 3672, 574, 148, 1, 3]
[8597, 1338, 23, 27, 12, 1, 2]
[4178, 4566, 1006, 177, 18, 5, 46, 3, 1]
[5781, 3076, 627, 81, 347, 50, 26, 8, 1, 1, 2]
[9322, 288, 94, 29, 67, 192, 7, 1]
[2123, 1963, 5492, 8, 316, 45, 12, 32, 5, 2, 2]
[9135, 547, 155, 66, 88, 1, 3, 5]
[3907, 2293, 884, 2109, 297, 215, 261, 19, 13, 2]
[8681, 1020, 172, 109, 6, 2, 10]
100.00
[1382, 7509, 980, 40, 84, 4, 1]
[8889, 1105, 6]
100.00
[6335, 757, 162, 124, 2351, 31, 159, 75, 3, 3]
[8399, 1009, 427, 95, 23, 28, 7, 11, 1]
[1741, 6877, 75, 986, 284, 23, 1, 11, 1, 1]
[8354, 299, 262, 1074, 4, 2, 5]
[1978, 2510, 769, 3813, 463, 296, 88, 59, 19, 1, 3, 1]
[9021, 667, 10, 109, 23, 123, 12, 34, 1]
[2205, 1106, 1217, 4477, 765, 69, 121, 9, 28, 3]
[2786, 6353, 124, 344, 28, 261, 29, 54, 15, 2, 1, 3]
[6038, 3853, 76, 15, 17, 1]
[5737, 2875, 538, 288, 210, 131, 35, 18, 33, 58, 2, 58, 11, 5, 1]
[9365, 329, 193, 70, 29, 10, 2, 2]
[1642, 5782, 134, 247, 265, 613, 777, 418, 27, 83, 2, 3, 7]
[8153, 120, 4, 554, 786, 62, 265, 16, 38, 1, 1]
[2355, 1140, 1268, 4225, 595, 400, 13, 2, 2]
100.00
[3664, 5931, 24, 164, 119, 40, 45, 9, 4]
[8014, 1362, 617, 5, 1, 1]
[7698, 1741, 235, 299, 27]
[7040, 59, 1350, 110, 512, 315, 334, 94, 150, 34, 1, 1]
[5687, 152, 805, 2010, 667, 359, 52, 102, 67, 53, 11, 35]
[8639, 629, 613, 105, 1, 11, 1, 1]
[3676, 1032, 4801, 384, 3, 9, 46, 2, 40, 7]
[4879, 559, 4019, 515, 11, 16, 1]
[1437, 3899, 1118, 3376, 54, 86, 4, 5, 15, 3, 2, 1]
[8629, 635, 200, 75, 399, 53, 3, 1, 2, 3]
[6544, 105, 122, 1545, 875, 802, 5, 1, 1]
[6262, 1753, 377, 162, 1052, 108, 89, 67, 57, 6, 14, 53]
[6317, 707, 1160, 948, 225, 44, 555, 32, 1, 7, 3, 1]
[8980, 842, 80, 61, 14, 10, 3, 9, 1]
[9279, 437, 16, 195, 21, 32, 10, 8, 1, 1]
[2266, 3543, 1147, 203, 2470, 286, 45, 1, 7, 6, 13, 3, 8, 2]
[1360, 6070, 2021, 55, 155, 336, 3]
[6106, 2550, 659, 139, 151, 179, 165, 48, 3]
[3890, 849, 2800, 431, 1437, 590, 1, 2]
[1020, 4518, 4096, 320, 24, 4, 5, 8, 2, 3]
[2092, 1117, 326, 2362, 2324, 171, 1402, 132, 33, 16, 5, 19, 1]
[4851, 497, 1041, 1590, 692, 346, 18, 122, 184, 168, 266, 46, 135, 40, 3, 1]
[2330, 4880, 2402, 248, 56, 7, 34, 34, 3, 3, 3]
[8041, 935, 19, 875, 36, 36, 38, 3, 4, 6, 6, 1]
[5423, 109, 722, 75, 1832, 1563, 189, 40, 37, 8, 1, 1]
[6342, 653, 2575, 256, 17, 73, 11, 54, 17, 2]
[2587, 6017, 1310, 33, 34, 2, 2, 3, 2, 8, 1, 1]
[6833, 2537, 330, 246, 33, 1, 18, 1, 1]
100.00
[5104, 1707, 1218, 1148, 164, 496, 136, 13, 1, 1, 4, 1, 7]
[2660, 1394, 3658, 74, 1079, 93, 657, 174, 151, 48, 6, 6]
[9592, 365, 9, 12, 18, 1, 3]
[9676, 12, 87, 47, 126, 26, 13, 1, 12]
[2407, 6933, 630, 14, 6, 1, 2, 3, 3, 1]
[5335, 393, 2004, 4, 2094, 69, 88, 11, 1, 1]
[7831, 922, 529, 552, 69, 39, 41, 4, 12, 1]
[2372, 2895, 3647, 210, 67, 237, 404, 144, 24]
[4598, 3008, 1207, 1064, 6, 53, 17, 18, 4, 5, 17, 2, 1]
[6238, 907, 1913, 610, 27, 51, 67, 36, 21, 21, 13, 63, 7, 4, 3, 1, 13, 1, 2, 1, 1]
[4601, 4380, 532, 255, 202, 6, 19, 5]
100.00
[1418, 8252, 4, 59, 225, 31, 3, 6, 1, 1]
[1679, 7426, 297, 16, 190, 378, 8, 6]
[7953, 705, 250, 495, 117, 309, 73, 45, 6, 25, 22]
[4499, 541, 951, 3971, 20, 7, 6, 2, 3]
[4281, 2307, 2991, 68, 351, 1, 1]
[4783, 3261, 705, 130, 1108, 5, 4, 2, 2]
[356, 8850, 762, 13, 14, 4, 1]
[8346, 1098, 426, 8, 37, 67, 1, 6, 3, 6, 2]
[3101, 278, 6616, 3, 2]
[1431, 1106, 325, 5645, 589, 240, 316, 248, 74, 26]
[7463, 2393, 20, 120, 1, 1, 1, 1]
[1245, 1915, 4448, 296, 247, 472, 133, 313, 699, 152, 68, 9, 1, 2]
[5131, 129, 3188, 634, 369, 482, 9, 40, 5, 1, 9, 1, 2]
[9822, 4, 140, 26, 7, 1]
[1407, 1405, 6660, 248, 186, 25, 10, 8, 9, 37, 2, 2, 1]
[120, 2826, 4808, 1759, 255, 39, 105, 11, 34, 36, 3, 3, 1]
[7059, 2, 976, 338, 562, 521, 471, 59, 2, 6, 3, 1]
[3252, 5166, 1148, 93, 125, 148, 42, 13, 11, 2]
[1766, 1786, 6217, 9, 90, 118, 6, 3, 5]
[6383, 1657, 883, 955, 101, 18, 1, 1, 1]
[7045, 1154, 811, 115, 240, 382, 188, 49, 16]
[7636, 29, 1314, 5, 398, 78, 135, 279, 13, 5, 66, 5, 10, 10, 11, 2, 4]
[6810, 2193, 775, 48, 69, 51, 20, 5, 29]
[7784, 1682, 226, 98, 199, 3, 1, 7]
[1965, 1936, 2611, 1204, 89, 1413, 266, 28, 366, 73, 33, 3, 4, 8, 1]
[1382, 1032, 7075, 341, 14, 63, 64, 10, 12, 6, 1]
[9789, 161, 8, 40, 1, 1]
[7903, 1010, 1002, 20, 29, 14, 2, 12, 5, 2, 1]
100.00
[5219, 3783, 330, 296, 119, 211, 15, 6, 11, 3, 2, 2, 2, 1]
[1086, 88, 6246, 867, 366, 720, 427, 53, 122, 15, 6, 1, 2, 1]
[1390, 6564, 1549, 141, 337, 14, 2, 3]
[1005, 8464, 302, 33, 19, 127, 9, 33, 5, 2, 1]
[2932, 5380, 1218, 345, 125]
[7682, 575, 806, 53, 622, 23, 209, 2, 26, 2]
[21, 3484, 2112, 2238, 1349, 48, 625, 87, 8, 14, 14]
[1376, 4561, 2217, 1115, 373, 46, 186, 44, 29, 50, 1, 1, 1]
[2279, 1937, 3111, 2310, 205, 26, 65, 64, 2, 1]
[5558, 677, 1391, 274, 126, 1262, 137, 361, 197, 12, 5]
[1786, 5874, 1474, 411, 443, 1, 2, 1, 4, 1, 1, 2]
[2525, 541, 3334, 282, 164, 494, 655, 1628, 172, 150, 38, 9, 7, 1]
[2669, 4398, 2064, 10, 311, 63, 342, 22, 117, 1, 2, 1]
[1626, 5264, 2029, 131, 883, 50, 5, 10, 2]
[5027, 3746, 472, 651, 82, 16, 3, 2, 1]
[1987, 7763, 54, 21, 138, 22, 11, 4]
[15, 3599, 1333, 1924, 1342, 1415, 28, 313, 17, 3, 4, 2, 5]
[6995, 1497, 1307, 194, 3, 2, 1, 1]
[256, 2606, 1076, 4908, 101, 1051, 1, 1]
[7218, 801, 36, 246, 698, 819, 51, 61, 50, 3, 9, 5, 1, 2]
100.00
[5489, 4311, 80, 66, 36, 3, 10, 1, 3, 1]
100.00
[3192, 4206, 1115, 332, 89, 740, 209, 47, 45, 9, 6, 3, 6, 1]
100.00
100.00
[8162, 1265, 105, 314, 109, 6, 18, 4, 14, 2, 1]
[3716, 1580, 2136, 1918, 642, 1, 5, 1, 1]
[6986, 2722, 40, 87, 4, 85, 63, 12, 1]
[6495, 2394, 521, 402, 100, 21, 18, 46, 2, 1]
[5642, 2322, 167, 489, 576, 151, 68, 111, 226, 132, 73, 8, 21, 1, 12, 1]
[2220, 7334, 386, 47, 2, 2, 7, 1, 1]
[6198, 2990, 359, 156, 118, 144, 3, 13, 16, 2, 1]
[3104, 3707, 2966, 124, 54, 13, 7, 15, 3, 1, 3, 1, 1, 1]
[69, 7195, 756, 789, 1015, 67, 102, 6, 1]
[1600, 3101, 2043, 1134, 1002, 989, 43, 14, 50, 19, 4, 1]
[2361, 2128, 1716, 2996, 451, 183, 148, 6, 7, 2, 2]
100.00
[2003, 6462, 1310, 173, 26, 16, 9, 1]
[5364, 1470, 1227, 1639, 289, 10, 1]
[6268, 1551, 721, 809, 151, 26, 297, 60, 87, 9, 6, 3, 7, 4, 1]
[3691, 3745, 1684, 710, 5, 39, 10, 83, 6, 19, 7, 1]
[20, 4650, 5006, 73, 80, 26, 89, 56]
[2819, 6498, 134, 157, 88, 154, 103, 38, 9]
[7079, 2497, 131, 50, 194, 24, 9, 3, 3, 6, 3, 1]
[5537, 2856, 1348, 210, 37, 4, 3, 3, 2]
[6890, 176, 2185, 343, 287, 100, 11, 5, 2, 1]
[8245, 1549, 166, 14, 12, 10, 2, 2]
[216, 7509, 1057, 523, 277, 384, 12, 9, 3, 9, 1]
[2274, 2809, 4268, 83, 423, 76, 34, 11, 4, 1, 3, 6, 4, 1, 3]
[6797, 1360, 667, 763, 85, 220, 73, 30, 5]
[7137, 2049, 195, 168, 170, 9, 185, 75, 5, 2, 5]
[4671, 4307, 206, 445, 240, 73, 15, 1, 32, 2, 3, 1, 1, 1, 1, 1]
[9115, 817, 33, 4, 8, 14, 6, 1, 1, 1]
[1742, 4177, 2670, 608, 356, 81, 197, 65, 1, 72, 31]
[9543, 289, 37, 88, 34, 8, 1]
[1669, 1710, 3191, 1964, 1112, 291, 31, 2, 15, 4, 5, 4, 2]
[876, 2605, 2507, 2252, 1528, 137, 30, 59, 3, 3]
[9054, 673, 66, 101, 88, 1, 13, 3, 1]
[7343, 1503, 1128, 9, 1, 8, 6, 1, 1]
[1756, 2602, 915, 2203, 809, 189, 305, 657, 546, 4, 8, 4, 1, 1]
[7012, 749, 1041, 713, 210, 155, 83, 5, 23, 1, 3, 3, 2]
[6067, 1171, 2195, 434, 118, 5, 8, 2]
[1859, 1254, 994, 463, 4784, 459, 99, 8, 66, 3, 6, 4, 1]
[6306, 96, 2482, 2, 96, 733, 274, 1, 9, 1]
[2236, 7315, 289, 85, 35, 28, 8, 1, 3]
100.00
[2663, 2449, 4082, 457, 207, 41, 71, 27, 3]
[4095, 5414, 289, 62, 11, 2, 67, 40, 18, 2]
[2380, 1288, 4627, 1363, 195, 34, 76, 8, 17, 6, 3, 2, 1]
[1245, 4156, 3567, 234, 276, 6, 342, 123, 50, 1]
[7507, 947, 1539, 1, 3, 2, 1]
[8436, 1264, 215, 52, 30, 2, 1]
[1347, 2062, 1697, 4793, 45, 2, 14, 27, 6, 7]
100.00
[2057, 1831, 1540, 3538, 639, 147, 161, 30, 55, 1, 1]
[2552, 6989, 459]
[651, 1607, 2754, 816, 1812, 406, 1948, 2, 4]
[2596, 4512, 2407, 327, 141, 10, 7]
[238, 4521, 2662, 505, 206, 268, 719, 588, 139, 120, 1, 19, 3, 6, 4, 1]
[7837, 2033, 14, 15, 85, 9, 6, 1]
[3986, 5882, 131, 1]
[2921, 3765, 942, 447, 549, 1110, 61, 87, 93, 17, 1, 3, 1, 1, 2]
100.00
[157, 603, 2234, 3578, 1300, 826, 232, 462, 169, 304, 22, 38, 33, 35, 3, 4]
100.00
[5102, 3869, 869, 81, 3, 50, 6, 16, 2, 1, 1]
[7858, 1042, 1034, 53, 13]
[6423, 536, 1780, 1085, 101, 2, 52, 19, 1, 1]
[4785, 1454, 1665, 1304, 15, 765, 1, 8, 3]
[2374, 2878, 1975, 1254, 1061, 105, 139, 10, 69, 16, 52, 3, 44, 17, 2, 1]
[1861, 1364, 605, 5307, 643, 178, 4, 14, 12, 7, 5]
[943, 5631, 3386, 30, 10]
[4427, 3530, 161, 470, 726, 72, 116, 191, 173, 89, 34, 10, 1]
[1782, 7090, 476, 491, 6, 100, 48, 4, 2, 1]
[6012, 3523, 345, 36, 69, 10, 2, 1, 1, 1]
[1850, 7206, 223, 185, 65, 205, 115, 138, 7, 3, 1, 1, 1]
[3591, 5757, 561, 26, 12, 2, 45, 2, 2, 1, 1]
[1686, 2426, 50, 3711, 1056, 698, 233, 61, 9, 25, 38, 6, 1]
[3171, 5762, 13, 247, 32, 588, 12, 116, 2, 27, 14, 2, 5, 9]
[2476, 1954, 365, 4004, 487, 293, 345, 68, 8]
[5370, 1465, 1547, 568, 730, 36, 113, 120, 20, 12, 9, 9, 1]
[1205, 1470, 2827, 3616, 253, 229, 163, 189, 35, 12, 1]
[9561, 330, 88, 15, 1, 2, 1, 1, 1]
[1568, 6838, 345, 278, 557, 280, 105, 27, 1, 1]
[8407, 334, 217, 601, 360, 11, 41, 22, 6, 1]
[8114, 1140, 316, 134, 268, 11, 3, 14]
[12, 4953, 2803, 306, 82, 888, 413, 478, 52, 8, 1, 2, 2]
[6522, 135, 2793, 404, 50, 38, 57, 1]
[223, 6991, 1744, 701, 230, 43, 63, 4, 1]
[4532, 5362, 92, 10, 4]
[9416, 502, 14, 18, 14, 2, 14, 9, 9, 2]
[1166, 8301, 153, 113, 31, 106, 125, 1, 3, 1]
[9048, 361, 106, 184, 286, 12, 2, 1]
[9409, 559, 29, 3]
[1368, 5670, 2152, 87, 579, 95, 22, 13, 8, 2, 4]
[746, 6481, 1698, 542, 514, 12, 2, 1, 3, 1]
[7688, 453, 394, 1334, 77, 47, 4, 1, 2]
[5106, 53, 1830, 1113, 719, 316, 69, 220, 473, 57, 37, 3, 3, 1]
[8170, 41, 820, 377, 29, 117, 112, 15, 210, 57, 51, 1]
[3406, 3926, 2150, 168, 280, 69, 1]
[4853, 767, 2012, 2079, 283, 5, 1]
[2111, 1355, 4306, 1523, 287, 1, 207, 142, 51, 11, 2, 4]
[6517, 1296, 2044, 83, 12, 1, 8, 19, 17, 3]
[2130, 6521, 1311, 22, 6, 8, 2]
[1714, 4203, 2470, 617, 348, 283, 69, 143, 22, 83, 28, 7, 12, 1]
[7125, 1001, 395, 1359, 17, 96, 3, 1, 2, 1]
[9554, 3, 48, 63, 207, 115, 2, 3, 3, 2]
[3408, 5020, 179, 62, 455, 751, 18, 49, 53, 3, 2]
[7047, 1593, 389, 543, 177, 125, 9, 20, 4, 53, 3, 17, 11, 8, 1]
[826, 1883, 3742, 1601, 213, 104, 1408, 7, 68, 52, 32, 57, 5, 2]
[9570, 119, 128, 115, 13, 28, 2, 2, 20, 2, 1]
[7688, 1154, 208, 264, 274, 164, 28, 219, 1]
[3561, 1271, 2420, 1990, 126, 579, 50, 1, 1, 1]
[6646, 714, 2484, 124, 16, 13, 2, 1]
[2342, 812, 3121, 1598, 232, 1430, 217, 14, 154, 55, 24, 1]
[2251, 3079, 4563, 102, 1, 2, 1, 1]
[2180, 6087, 1366, 183, 72, 103, 2, 2, 4, 1]
[8742, 392, 676, 35, 66, 66, 7, 1, 14, 1]
[4684, 2009, 2635, 550, 115, 1, 5, 1]
[42, 8737, 465, 343, 254, 101, 58]
[7573, 2142, 73, 122, 83, 6, 1]
[4740, 3319, 179, 346, 436, 199, 209, 254, 104, 47, 79, 27, 23, 3, 17, 17, 1]
[9657, 55, 227, 1, 30, 26, 4]
[891, 8577, 392, 92, 20, 28]
[623, 1454, 2214, 11, 1377, 3677, 414, 80, 144, 4, 1, 1]
[2224, 5590, 193, 1622, 99, 8, 149, 84, 12, 19]
[7308, 564, 776, 168, 1005, 102, 33, 4, 4, 33, 2, 1]
[7152, 687, 736, 337, 793, 123, 100, 28, 20, 7, 5, 1, 4, 3, 1, 2, 1]
[933, 5076, 3071, 449, 286, 45, 70, 49, 19, 2]
100.00
[281, 4374, 3474, 1726, 83, 24, 29, 1, 5, 3]
[1015, 5267, 2466, 124, 886, 128, 21, 71, 8, 8, 3, 1, 1, 1]
[3362, 4270, 552, 1256, 98, 213, 119, 50, 34, 13, 14, 14, 5]
[7740, 1782, 82, 388, 6, 1, 1]
[3927, 2646, 1940, 1474, 1, 3, 1, 4, 1, 2, 1]
[6130, 2672, 411, 202, 7, 418, 58, 86, 9, 5, 2]
100.00
[3390, 2234, 955, 2941, 435, 35, 1, 8, 1]
[1846, 767, 7000, 14, 353, 6, 9, 2, 2, 1]
[7926, 1611, 101, 255, 80, 16, 10, 1]
[606, 6857, 669, 642, 874, 135, 213, 3, 1]
[5021, 4376, 67, 46, 15, 278, 158, 12, 8, 4, 15]
[2107, 2462, 2858, 2089, 428, 20, 27, 1, 1, 3, 3, 1]
[1660, 2739, 1261, 1260, 192, 304, 918, 1458, 196, 11, 1]
[4529, 3710, 111, 1196, 358, 32, 39, 24, 1]
[2722, 682, 237, 3957, 406, 832, 618, 274, 42, 118, 62, 6, 44]
[3110, 6851, 24, 8, 3, 4]
[3153, 1678, 3065, 1224, 170, 33, 206, 63, 69, 101, 171, 29, 13, 23, 1, 1]
[4894, 1173, 2816, 670, 16, 26, 90, 119, 76, 81, 20, 13, 5, 1]
[7133, 1764, 620, 149, 174, 94, 34, 15, 15, 1, 1]
[1197, 5983, 855, 192, 628, 983, 152, 7, 2, 1]
100.00
[2590, 7227, 13, 27, 134, 7, 2]
[274, 4526, 1257, 2749, 895, 141, 123, 28, 2, 2, 1, 2]
[4364, 2647, 421, 991, 1372, 76, 28, 56, 8, 25, 10, 1, 1]
[3077, 1987, 2316, 228, 432, 807, 106, 348, 16, 36, 172, 178, 260, 3, 25, 9]
[8181, 1327, 386, 87, 18, 1]
[1118, 198, 466, 1, 4022, 2992, 724, 244, 161, 55, 7, 4, 1, 1, 1, 4, 1]
[6226, 2026, 1183, 22, 134, 323, 81, 4, 1]
[4604, 342, 74, 3456, 964, 427, 43, 29, 12, 43, 2, 1, 2, 1]
[1375, 4659, 1668, 416, 518, 545, 235, 453, 65, 51, 7, 1, 2, 4, 1]
[7342, 300, 586, 751, 9, 598, 37, 124, 93, 130, 17, 12, 1]
100.00
[7370, 2279, 30, 315, 3, 3]
[5704, 2505, 1037, 88, 85, 76, 275, 128, 3, 20, 70, 4, 1, 4]
[7270, 2107, 488, 109, 10, 6, 9, 1]
[1150, 1580, 1636, 3048, 1971, 346, 10, 6, 5, 125, 57, 35, 8, 13, 1, 7, 2]
[5418, 1394, 522, 110, 1248, 1048, 250, 4, 5, 1]
[6076, 2647, 601, 673, 2, 1]
[2989, 5575, 571, 622, 46, 188, 2, 6, 1]
[8766, 798, 53, 262, 22, 76, 10, 10, 1, 1, 1]
[1095, 3140, 1711, 3312, 587, 1, 87, 43, 23, 1]
[667, 2595, 3710, 1951, 1068, 1, 6, 2]
[642, 4594, 4083, 8, 504, 90, 12, 55, 3, 9]
[3476, 2620, 2183, 1138, 62, 177, 299, 18, 19, 6, 1, 1]
[4524, 63, 2075, 3246, 84, 2, 2, 1, 3]
[3244, 1699, 1500, 2698, 577, 85, 42, 70, 45, 28, 9, 2, 1]
100.00
[1481, 6386, 814, 1084, 89, 94, 8, 10, 4, 30]
[826, 6765, 1359, 573, 220, 175, 79, 3]
[6270, 3407, 176, 111, 36]
[4934, 2251, 97, 582, 887, 107, 347, 108, 539, 8, 24, 14, 72, 3, 22, 5]
[9147, 26, 486, 172, 91, 63, 15]
[7115, 56, 961, 1340, 460, 68]
[5546, 2664, 355, 997, 285, 84, 43, 8, 4, 3, 2, 4, 2, 2, 1]
[8861, 452, 382, 303, 2]
[3661, 3096, 1207, 244, 1670, 40, 43, 12, 5, 13, 8, 1]
[1964, 6897, 652, 366, 30, 3, 81, 7]
[820, 604, 417, 3063, 703, 1216, 996, 938, 720, 333, 116, 18, 43, 10, 1, 1, 1]
[7270, 1103, 930, 658, 24, 12, 1, 2]
[4015, 740, 4881, 14, 16, 216, 94, 14, 10]
[257, 1154, 669, 5205, 2112, 489, 101, 10, 1, 1, 1]
[1305, 6687, 251, 1517, 122, 68, 32, 8, 6, 2, 2]
[1958, 7330, 117, 147, 357, 15, 4, 13, 4, 19, 17, 10, 1, 7, 1]
[9088, 517, 55, 150, 53, 97, 14, 22, 4]
[448, 4607, 1753, 2516, 206, 265, 13, 143, 28, 21]
[2277, 6645, 959, 24, 50, 25, 10, 8, 2]
[981, 6512, 2263, 97, 52, 79, 9, 1, 6]
100.00
[1819, 4296, 306, 410, 2531, 451, 134, 28, 7, 6, 3, 3, 6]
[5301, 2859, 483, 860, 149, 222, 35, 75, 6, 1, 9]
[2610, 4834, 450, 1220, 681, 182, 20, 3]
[1495, 4534, 2251, 43, 267, 1232, 150, 13, 6, 4, 4, 1]
[9110, 357, 271, 83, 122, 6, 8, 5, 2, 19, 17]
100.00
[4938, 2742, 1761, 388, 43, 110, 12, 1, 2, 1, 1, 1]
[7791, 177, 466, 913, 67, 210, 36, 61, 36, 189, 50, 1, 2, 1]
[6455, 136, 881, 140, 1907, 193, 97, 25, 48, 37, 31, 22, 21, 1, 4, 1, 1]
100.00
[597, 7277, 295, 1270, 504, 43, 2, 5, 7]
[8641, 549, 639, 89, 71, 8, 1, 2]
[297, 717, 1091, 6438, 299, 312, 630, 34, 25, 38, 107, 6, 3, 2, 1]
[3245, 4593, 885, 794, 147, 64, 171, 24, 52, 6, 5, 8, 4, 1, 1]
[8241, 1725, 16, 13, 3, 1, 1]
[7310, 1914, 727, 5, 40, 4]
[6181, 471, 1226, 1163, 294, 595, 3, 51, 16]
[763, 1994, 4372, 1820, 559, 288, 60, 96, 23, 2, 12, 11]
[123, 5524, 3303, 123, 474, 349, 34, 14, 44, 7, 3, 1, 1]
[5738, 1448, 1632, 641, 246, 74, 179, 36, 4, 2]
[5366, 238, 1009, 195, 1396, 402, 301, 27, 1056, 5, 1, 1, 2, 1]
[7380, 1032, 144, 165, 687, 357, 218, 15, 1, 1]
[2799, 4551, 1112, 229, 889, 113, 128, 179]
[1967, 7347, 132, 73, 47, 371, 52, 5, 4, 1, 1]
[597, 610, 4933, 1612, 772, 1017, 187, 87, 76, 8, 28, 60, 3, 3, 6, 1]
[2163, 4577, 417, 743, 1562, 165, 162, 37, 44, 17, 108, 4, 1]
[9820, 75, 44, 47, 9, 3, 1, 1]
[5644, 1103, 2361, 721, 138, 29, 2, 2]
[90, 9356, 293, 59, 13, 59, 74, 9, 27, 3, 6, 4, 3, 2, 1, 1]
[5037, 4425, 109, 328, 97, 3, 1]
[3597, 5651, 674, 24, 51, 3]
[625, 3949, 4682, 619, 80, 13, 13, 2, 3, 1, 6, 4, 3]
[6133, 2639, 658, 550, 3, 5, 5, 2, 2, 3]
[3263, 531, 5149, 880, 108, 59, 4, 1, 5]
[528, 1168, 1904, 5265, 374, 326, 371, 42, 17, 4, 1]
[9062, 88, 130, 132, 430, 109, 18, 12, 3, 16]
[544, 1925, 2230, 842, 1958, 1541, 654, 297, 6, 1, 1, 1]
[8229, 490, 374, 350, 246, 51, 71, 100, 46, 22, 18, 2, 1]
[2748, 4290, 1702, 939, 262, 7, 21, 11, 13, 2, 3, 1, 1]
[6767, 1817, 1133, 267, 13, 2, 1]
[927, 2777, 6255, 12, 17, 4, 2, 5, 1]
[9079, 829, 47, 3, 5, 33, 1, 1, 2]
[6561, 1492, 1372, 229, 252, 14, 33, 35, 8, 4]
[5719, 1887, 595, 1359, 331, 67, 24, 18]
[9072, 709, 102, 55, 33, 22, 2, 2, 3]
[253, 3377, 5707, 282, 104, 72, 46, 138, 3, 5, 9, 1, 1, 1, 1]
[7392, 2505, 101, 2]
[8101, 642, 6, 687, 423, 109, 1, 25, 5, 1]
[9860, 3, 76, 10, 15, 36]
[612, 5195, 3085, 204, 188, 393, 234, 28, 53, 1, 2, 1, 2, 1, 1]
[5672, 1907, 1721, 466, 30, 167, 2, 8, 4, 11, 4, 7, 1]
[8765, 284, 264, 267, 285, 11, 102, 9, 2, 2, 5, 1, 2, 1]
[9507, 35, 333, 19, 62, 40, 2, 2]
[8776, 774, 310, 61, 71, 1, 3, 4]
100.00
[2426, 930, 1279, 5312, 37, 10, 1, 1, 3, 1]
[4653, 4330, 414, 284, 113, 124, 16, 2, 4, 28, 7, 10, 11, 2, 1, 1]
[541, 8960, 198, 95, 199, 1, 1, 2, 1, 2]
[4175, 5, 2124, 3090, 280, 119, 87, 107, 6, 3, 2, 2]
[2092, 4259, 3353, 163, 29, 80, 1, 1, 20, 2]
100.00
[6579, 1549, 1705, 74, 11, 74, 4, 1, 3]
[6892, 2013, 405, 250, 158, 248, 8, 8, 10, 6, 1, 1]
[6290, 144, 141, 309, 1760, 915, 253, 174, 10, 1, 3]
[4917, 4142, 642, 55, 190, 22, 32]
[1272, 1618, 6928, 8, 145, 6, 11, 2, 1, 8, 1]
[4844, 4643, 149, 53, 37, 249, 14, 2, 2, 4, 2, 1]
[5226, 3257, 479, 830, 44, 111, 21, 23, 6, 3]
[5105, 4410, 383, 78, 11, 3, 2, 1, 1, 1, 1, 1, 2, 1]
[9468, 115, 288, 126, 2, 1]
[1199, 4378, 2564, 1749, 33, 73, 3, 1]
[8176, 147, 176, 117, 1075, 157, 141, 8, 1, 1, 1]
[3917, 639, 1900, 445, 229, 762, 333, 725, 52, 700, 132, 129, 9, 24, 1, 3]
100.00
[8023, 546, 845, 565, 7, 2, 2, 1, 9]
[1681, 7306, 176, 374, 454, 2, 6, 1]
[2687, 2040, 666, 3170, 1426, 11]
[9342, 132, 96, 289, 7, 127, 7]
[7263, 826, 727, 1175, 1, 4, 2, 1, 1]
[1838, 1959, 4371, 1175, 209, 68, 267, 22, 31, 35, 7, 17, 1]
[6290, 3232, 227, 131, 93, 12, 13, 2]
[5122, 73, 4158, 327, 58, 234, 24, 3, 1]
[3046, 4212, 1354, 303, 488, 217, 277, 39, 27, 15, 2, 9, 9, 2]
100.00
[189, 3953, 3030, 2105, 195, 132, 100, 28, 222, 34, 11, 1]
[142, 2818, 4029, 1680, 934, 41, 283, 26, 43, 4]
[2689, 5756, 557, 362, 71, 268, 210, 71, 6, 10]
[1751, 288, 6510, 681, 647, 60, 6, 31, 13, 10, 3]
[8235, 693, 562, 369, 111, 19, 9, 2]
[2612, 5968, 491, 119, 425, 97, 62, 112, 79, 29, 2, 2, 1, 1]
[1481, 1195, 7224, 1, 63, 16, 4, 2, 14]
[3094, 1325, 1154, 2706, 861, 113, 277, 377, 44, 24, 21, 1, 2, 1]
[6895, 2109, 547, 390, 22, 14, 4, 19]
[6833, 2401, 743, 23]
[6591, 266, 1553, 162, 1357, 32, 9, 18, 6, 1, 1, 4]
[8526, 1012, 73, 347, 31, 6, 2, 3]
[7164, 1494, 806, 504, 23, 3, 6]
[7974, 137, 1489, 125, 72, 199, 3, 1]
[2357, 4034, 2734, 510, 186, 172, 1, 6]
100.00
[2015, 1716, 1813, 3010, 408, 219, 239, 250, 71, 90, 124, 35, 2, 3, 4, 1]
[4196, 724, 1335, 534, 2228, 658, 237, 26, 17, 35, 5, 5]
[8536, 1315, 20, 45, 60, 13, 5, 5, 1]
[3246, 4037, 16, 637, 1364, 40, 312, 214, 116, 12, 3, 3]
[499, 2382, 5293, 266, 13, 445, 496, 429, 124, 48, 3, 1, 1]
[7888, 1115, 110, 130, 717, 30, 4, 4, 1, 1]
[4274, 5343, 105, 4, 10, 72, 18, 34, 89, 21, 3, 8, 10, 1, 4, 4]
[2260, 3805, 1236, 1797, 84, 232, 434, 105, 23, 9, 11, 1, 1, 2]
[5867, 322, 332, 3025, 411, 20, 23]
[3996, 96, 315, 2450, 690, 550, 1087, 212, 278, 87, 91, 105, 38, 3, 1, 1]
[3882, 1201, 3122, 1033, 167, 344, 74, 112, 39, 6, 4, 16]
[1528, 4615, 3539, 79, 14, 112, 89, 10, 10, 3, 1]
[92, 5867, 25, 2589, 518, 227, 640, 1, 31, 4, 3, 2, 1]
[5158, 776, 1758, 597, 1573, 104, 26, 2, 1, 3, 2]
[6237, 2696, 733, 119, 209, 2, 4]
[4646, 2957, 495, 858, 718, 75, 108, 39, 67, 8, 26, 1, 1, 1]
[2203, 5922, 1100, 496, 33, 133, 44, 30, 39]
[5906, 1620, 428, 555, 966, 464, 28, 28, 1, 1, 3]
100.00
[2134, 6525, 461, 880]
[8153, 17, 1714, 89, 18, 2, 3, 2, 1, 1]
[781, 6693, 1215, 866, 419, 22, 3, 1]
[3419, 3220, 518, 1787, 696, 211, 53, 54, 17, 8, 7, 2, 8]
[2316, 6135, 908, 185, 146, 96, 86, 5, 48, 70, 5]
[6935, 1312, 1536, 181, 2, 22, 9, 3]
[9432, 264, 179, 32, 91, 1, 1]
[1873, 2373, 2545, 35, 180, 332, 2039, 37, 537, 31, 12, 6]
[9908, 18, 59, 9, 1, 4, 1]
100.00
[4413, 593, 77, 709, 1837, 1780, 561, 29, 1]
[1436, 6429, 979, 1119, 26, 5, 4, 2]
[9379, 547, 34, 18, 3, 2, 4, 12, 1]
[3499, 4221, 980, 1182, 110, 3, 1, 2, 1, 1]
[250, 4476, 4435, 783, 26, 13, 7, 7, 3]
[6050, 1592, 1447, 379, 228, 10, 140, 125, 29]
[4008, 2381, 3453, 9, 131, 13, 1, 3, 1]
[6568, 1524, 1379, 173, 347, 6, 2, 1]
[1119, 600, 2312, 993, 639, 3832, 501, 3, 1]
[9333, 371, 131, 82, 37, 40, 4, 2]
[2541, 1442, 5800, 138, 67, 4, 7, 1]
[3645, 215, 5917, 33, 124, 47, 4, 8, 6, 1]
[1350, 22, 4848, 1424, 1952, 332, 15, 17, 21, 19]
[9812, 4, 159, 19, 6]
[2732, 718, 5853, 414, 14, 229, 11, 4, 15, 2, 7, 1]
[5903, 3604, 257, 172, 7, 38, 6, 3, 2, 4, 3, 1]
[8676, 819, 485, 9, 6, 5]
[4128, 269, 2685, 1923, 380, 234, 317, 23, 2, 23, 5, 4, 2, 3, 1, 1]
[3213, 3633, 972, 433, 790, 224, 460, 203, 65, 5, 2]
[5965, 3470, 492, 3, 32, 33, 5]
[7164, 761, 1191, 354, 512, 8, 1, 5, 2, 1, 1]
[2550, 3274, 3904, 196, 67, 3, 6]
[7492, 1888, 495, 42, 70, 7, 2, 3, 1]
[9350, 297, 308, 43, 2]
[1664, 6355, 1961, 5, 6, 3, 4, 2]
[8094, 713, 1141, 44, 2, 4, 1, 1]
