10
194
9825 6006
7751 4108
4951 2015
2798 7279
4593 4881
2497 9648
8548 6200
4660 8122
9138 7564
444 9805
4636 3714
9657 3832
6743 4335
4490 4593
3615 5958
9463 8715
1883 2636
640 4149
8084 4750
3638 7982
8684 6192
2970 4140
5624 6139
4687 6367
3540 9123
1329 8159
2656 910
5666 1228
6166 7832
5393 5068
8907 6308
4639 601
7691 3030
3037 5876
4409 8893
3849 6959
410 8680
5710 9801
5019 2731
7077 6011
6398 6230
6219 3205
4224 9945
9110 1842
8935 438
9973 348
669 699
4611 1643
4620 4095
8574 1459
3169 5644
9953 3753
4198 2690
7298 2759
8893 5720
5031 6457
1001 7346
5022 9986
1169 1847
441 2612
9829 8970
2861 7475
118 3574
948 2040
7578 8711
1465 8567
9766 52
8975 523
365 9047
1945 7541
4814 9311
8007 153
6651 1192
9525 8947
4934 3710
6107 6023
2153 650
5761 8245
7276 4543
1364 6378
9690 6372
7834 2743
35 8512
7575 9762
958 8063
5441 760
8943 6771
9950 1922
2769 8599
4270 3956
2570 9704
5518 3275
9183 9494
6336 1548
5600 8527
4227 70
6217 3513
419 5782
2686 8727
5792 7493
6697 1811
5784 6391
7812 6239
8499 8334
1972 678
4679 4024
9231 4742
4136 1673
1465 5929
3820 7318
8501 2589
9740 2724
4581 7522
6706 5265
9547 3365
8893 4941
2427 6469
5337 6209
1773 7802
6343 7279
6039 2784
7672 426
955 7188
3467 8968
4486 9997
6156 3506
5736 7451
4499 1003
3399 5739
7320 2333
8238 9596
9195 1624
7133 9367
2020 7422
2657 2400
8018 836
8579 9992
6196 459
5757 4716
3830 6587
4113 8380
3471 6687
4925 6860
1203 2060
1817 5392
7802 2693
4047 7894
9586 69
751 6667
7197 3052
4480 5692
4110 6310
8979 2241
175 1224
4059 5695
6641 4192
5913 3140
2979 4531
737 1739
4293 957
1031 4863
5338 7473
1540 6095
3383 1811
1123 8327
4627 8182
1148 1644
3470 9035
6482 2974
5166 2018
347 7574
7282 983
8080 9773
9143 7645
2311 1119
2353 9833
7637 4885
1496 5953
4289 5247
5859 7730
3723 8168
4777 9728
8757 2462
4334 2595
7897 8149
55 8342
888 6515
1992 685
1919 1484
2092 3488
4588 667
8903 2776
8826 41
1056 2501
4067 9064
1999 1209
5471 4183
2145 2469
8770 1567
4271 8439
8283 5898
8091 3076
6391 1175
6618 9995
8766 8749
7778 5850
9139 8721
8977 9968
2828 6848
6538 6057
7890 7230
2166 8104
2618 1155
8362 4736
2331 2730
1921 1532
1945 5984
1839 3632
1808 1303
5101 2162
7168 7719
1381 6575
8275 8520
4690 4995
6111 3557
8075 7141
8566 304
5090 9862
8589 3834
6832 7046
8771 1522
7581 9558
6563 277
4086 4842
1305 8119
6450 6663
5373 683
3127 9733
7544 9908
7978 7545
2515 3728
2740 4147
4496 8819
2029 9930
2418 6410
3817 4922
3391 4468
5296 4767
6579 7426
4369 6301
6674 6411
4052 8836
4963 6522
2294 2793
4590 3837
8969 5696
9428 6085
4057 7939
7317 2548
678 7499
5471 2153
7069 9765
3399 284
9565 1867
5380 9784
2796 4306
4799 7785
2464 6217
9072 9581
7626 1982
5705 2721
9980 5568
559 8786
9063 5771
5875 2494
1172 8796
5216 4531
8414 2795
133 9480
1938 3333
9005 4533
492 3778
3927 1701
8288 5028
7547 105
7951 9089
15 2649
5678 3679
2258 9288
3457 2002
7802 489
2653 9320
8167 4806
7893 6078
2379 1512
8091 9611
6928 9326
1218 9876
9926 4749
3581 2015
7514 8356
8650 9738
4970 9703
787 8938
3720 9407
7448 4362
8253 8194
5862 2
4100 1822
6857 5780
8409 7332
6997 7786
9975 6517
8068 2079
759 9755
545 9675
1404 5971
3314 4733
3375 3039
3219 8239
2177 8500
4908 9090
7416 7994
5526 4139
8509 9804
5120 3210
2788 6174
5684 977
5032 3861
1492 4644
8591 8387
9200 8613
5159 9363
4416 9085
9560 4411
7055 975
9735 2603
680 3771
5732 8366
9918 4055
7961 3629
2616 4711
5890 2159
8280 3783
9709 6686
5065 7270
703 1545
8556 5587
2090 7683
4023 22
3001 8866
9475 636
340 5225
8416 4426
7984 455
2434 3817
892 1036
8624 2169
9674 3841
2528 6351
736 9804
8414 5559
1631 2022
1367 4467
6049 6543
290 7238
3348 215
7296 2519
6439 4383
8890 5263
1951 4275
6123 4979
1267 7527
7009 1853
4529 8406
6795 3648
1210 7800
6021 6039
4641 4531
5233 9959
2496 4481
7652 1960
108 2573
9427 4976
9070 7031
1778 5551
6030 2806
2 2494
3960 7627
5427 2290
1773 4473
4287 6465
4876 5064
8824 7599
4953 1545
8320 8533
7763 4479
61 1700
3591 1863
5414 8303
5668 7099
8039 2352
7684 169
44 1612
3971 7399
7149 2891
997 4357
1596 787
3571 5335
7995 8425
8150 8586
7568 7918
2856 6554
2377 1403
1956 9123
2323 6968
378 2859
2828 9480
3946 6507
2716 6705
232 3852
9073 2118
8534 5987
9920 1664
6334 5077
6550 4095
4204 2241
7703 9500
5466 3069
3444 5088
7956 128
4237 7209
375 9699
374 4345
1744 4492
7772 8690
2241 1270
3240 9368
9192 3598
8668 1876
254 4933
4302 3489
2359 8086
7097 5924
8424 5219
2197 8880
4426 3298
8661 1835
1281 2664
7016 2104
251 2067
6547 4931
2923 7260
3095 9070
8105 2894
9374 5082
4321 4344
7929 2054
4855 9501
1563 945
7453 8515
5197 3144
8830 7941
3844 6851
7453 2096
7087 6891
2524 1913
1973 1760
1446 5592
327 6744
4988 5302
9902 1601
8292 4072
2310 6923
5210 37
5006 3428
8069 8231
902 686
3082 5111
3435 9671
6409 7698
4281 7609
2248 9318
6631 5811
2253 2652
8143 2734
9697 2697
1711 3544
125 197
9031 3137
2264 78
3230 441
5704 1430
1261 2410
1496 2561
5245 1551
3428 1337
3113 6274
2770 8456
479 6947
4477 6630
7412 6632
1530 981
5924 7515
4027 3373
1940 952
850 1452
5145 4921
8932 5188
6326 884
7946 3226
-1
2
9750 6459
9949 7740
1113 7800
-1
71
8692 9931
7854 7490
3404 8768
1145 2537
6723 5719
9200 5213
7943 2352
7365 7230
9507 8522
1488 8182
8553 2360
860 1907
8476 1057
4987 1894
5399 9682
8737 7914
5132 5440
1634 1576
2300 7962
426 1918
1784 5065
8919 7105
6674 2200
6178 7592
5710 2794
6423 7137
9048 9297
9951 6426
7498 2648
2265 8802
9826 9539
8339 2656
2311 1161
6203 1846
7081 8063
9872 9858
2633 4525
4923 6941
9066 5317
5828 1331
564 7237
3597 3388
6606 134
5754 2663
4722 5021
4695 3948
5193 5928
2091 217
8888 2186
9718 7857
9660 321
1738 7412
2481 8781
9819 3911
7470 1656
2996 4419
2605 9023
6290 2958
8538 3944
3324 7407
3782 3307
6995 250
876 7831
8085 8427
7446 8513
8106 2587
4798 9129
5649 1614
515 4549
4821 7225
5213 3308
2286 1184
1555 2251
645 5752
8374 6192
778 6929
1465 3742
5141 2248
3397 8394
5525 8636
7459 2447
7402 3696
1756 8559
7388 2512
1554 3382
1496 2627
5993 5158
8981 1705
2544 8253
8283 1480
9004 2851
2614 7806
3491 4345
6939 6460
3003 5466
2681 4859
2719 261
6150 3564
5429 3261
5142 2264
1747 3509
3218 4768
8492 691
7417 6724
4764 2667
3566 4013
7742 1869
7454 7013
8022 8324
3322 2326
1261 2683
7898 3978
1381 8806
238 1387
2465 1215
1389 1236
4518 4630
8733 2218
2799 682
2299 5288
5045 4947
300 6027
3876 443
324 3323
7599 5972
851 1410
6865 1943
7551 9268
7058 2733
254 5616
6809 7411
8878 1618
6523 7886
4252 882
6275 2240
1188 9249
8016 1916
7645 8652
4342 1975
7450 9120
7177 6261
5258 7537
595 7244
806 9386
6642 1726
2613 8081
7245 4189
4588 2004
6399 392
8622 4349
6303 3138
1774 3447
4750 8912
531 9073
8363 483
9478 4759
8839 9582
8422 1171
8984 9835
9581 3302
2022 7547
4870 9011
2006 7754
7699 26
2697 5832
581 8959
1767 3663
3791 2707
4742 4066
9667 575
5141 7796
4271 51
4552 3685
5117 1035
5723 4162
2086 8990
1703 1542
7882 7259
4438 7910
7332 9300
286 5522
7773 5574
3250 7587
1565 7579
5588 8235
6795 9126
7579 4023
4125 3362
7920 3802
7027 1487
9424 9291
8388 8562
5958 7294
7560 8274
2582 1537
3472 8005
4923 2517
9694 7389
5935 8656
2592 313
1433 5728
3557 1128
1199 127
9820 9318
166 4395
6990 802
3016 4643
6566 2305
1345 3843
5334 9927
9525 6730
9284 1254
9078 4459
8900 4181
3654 5090
8814 6619
3634 307
750 9071
722 3242
315 2707
854 2315
8515 9918
9001 9598
2176 1433
2257 7806
7553 7061
7885 2758
1156 3522
6791 1335
9700 5421
3361 4780
5643 6837
3933 9165
8443 165
5596 5118
1441 6751
2617 8915
5251 428
2834 6406
5143 1751
412 5772
4570 1035
6710 1356
1345 3177
2536 8660
8568 8772
8675 6647
7797 2777
2541 709
4358 4048
6604 8978
1111 2951
1931 5580
8313 301
8169 6724
9211 5864
3622 5152
7907 4135
5675 2619
3095 870
9950 2751
1007 8275
7215 6891
1654 4326
3118 9773
9186 2884
1733 8676
2847 382
1688 6446
5772 9704
6525 5040
5739 2882
5850 8850
7383 5021
2674 3624
2182 9444
9602 9457
5814 3433
9826 3601
5923 8184
3272 2246
561 739
516 1815
9697 8346
7180 3453
3697 1484
7058 2279
4575 7286
586 6813
6571 3445
3543 405
5425 3964
3300 5204
4161 6445
1118 7110
249 7556
9161 4187
470 5140
3365 9432
5468 965
9373 9311
5305 2383
9556 9232
628 6625
3333 3824
5214 5727
1105 747
4935 9553
4249 9676
7036 5622
2545 3218
8491 5389
5044 4060
6426 2419
778 6938
1192 3262
789 9433
5134 4804
4036 8670
8756 6573
8047 7228
6588 2888
1847 1807
8903 7804
8072 2254
9939 3719
9153 5372
5529 6742
6438 8146
8039 4184
1720 1123
1122 85
725 9581
1017 4046
4578 639
3320 8603
7028 3438
2871 2942
1750 1642
3572 8830
8604 8787
3061 9922
1472 1370
5240 4896
1479 7408
3445 9214
6079 83
9634 6066
5509 4145
8047 1303
2793 9286
5128 766
2419 6056
9566 3967
3954 7746
7214 6581
2669 575
7288 3134
844 7855
7647 5872
8099 1762
3454 244
1515 381
1633 1986
9534 139
8215 6516
8903 6242
4030 3223
6570 5764
7102 1912
1543 7833
9709 1964
5228 4662
4968 2602
8648 5218
6919 1829
2714 8423
8594 1936
7253 4305
1109 7355
9210 5526
8510 1485
405 503
8712 4665
1413 9935
1298 9653
3614 3993
340 619
4806 440
3203 321
3076 5243
5891 3612
7793 6958
9455 2489
6045 9900
2992 1955
2544 3125
9883 7668
3960 8696
1911 966
4360 7809
1989 782
8026 7031
5474 5798
5147 8879
142 7741
5250 5552
7198 4722
6006 9508
3134 230
5866 5710
-1
135
3161 5493
1557 6533
7352 3503
342 1286
5260 9848
3578 1611
3571 2400
8902 7951
4892 8871
9714 6942
3363 4750
4094 179
2541 2427
6147 9594
5247 1062
3313 5820
4937 3191
4953 3158
3296 1475
6456 2896
3526 5553
6260 5664
7849 8708
8695 8804
3939 4784
1400 8683
4026 4726
3534 5799
3348 1433
7244 1034
3773 9367
3870 5392
8875 7403
3187 2391
4433 3364
6153 1310
7399 7186
5210 9632
965 4142
7508 4464
7077 7760
7887 8433
6654 8593
8252 2045
4015 1168
1194 1261
2120 3330
7463 2602
4409 304
6650 7837
1537 2477
9032 6831
7836 2786
7832 6538
6983 7829
9472 6456
4902 9176
8678 7095
2863 6557
6988 1241
687 153
1565 8605
305 4684
3929 2864
2026 94
140 4396
6567 2876
7591 623
3237 2166
951 5150
3255 603
1441 3542
6034 653
5977 372
9468 8862
4398 6805
6934 2295
1561 8316
5154 1272
6222 8691
6541 9368
226 6284
6766 6627
527 1752
8898 4616
7799 2946
8206 2923
42 5575
9254 1810
9836 8656
196 8272
5824 2514
2561 3909
6303 9820
5538 8792
3978 9248
8089 9111
1966 1280
4666 6082
7943 5856
1465 369
1932 2811
8029 5508
6565 2771
6905 5394
3710 4662
6570 81
9907 1458
8523 6373
5232 7000
7433 5804
264 4836
3171 8198
7036 6371
1470 4083
4150 5193
4383 9791
3855 9883
5762 446
4502 6617
7339 2440
7450 2218
393 7219
6568 1513
241 6385
7985 2387
6506 6449
4983 3133
9219 5634
7909 6801
845 4309
4793 9134
4820 311
4441 9719
7437 614
5986 4543
6111 4836
3146 5457
2758 5715
6745 974
8727 5459
3541 9360
7154 4388
4969 5265
2429 5852
7247 4719
9495 3353
9957 7648
2227 8757
8948 8988
1165 5655
4541 3900
2694 1854
2030 5161
587 5757
9838 6611
1783 3373
954 1148
7575 3547
2272 9601
9161 4510
4245 6280
9957 8204
7056 1221
4048 1996
7774 7708
953 5732
6238 7933
6251 8148
2469 4535
2802 7707
510 1484
1070 5859
336 3137
6918 8658
114 3342
3374 3254
3989 3383
1777 1444
5575 7210
4303 5297
3600 2563
3941 2461
7035 169
9803 7224
903 4582
8398 2957
2100 6554
6678 9070
5362 7673
3952 918
6675 6655
298 211
3581 7768
6476 2169
2869 558
559 7702
8660 869
2592 6818
1467 7631
5364 1677
3107 469
1715 7652
7864 7184
3922 8033
9656 9062
6409 518
3765 6222
2681 7964
4751 1033
6510 8171
5156 9529
1558 7682
413 7930
6420 9197
1698 1086
7301 7260
9278 3186
5496 9475
8124 514
6112 7360
765 315
2988 6145
9474 2388
121 5815
1737 2517
1849 6397
9437 4462
8957 4976
5529 991
7966 6452
3511 1313
9654 3592
1473 9271
698 1955
1121 475
4805 1512
670 8047
5494 4093
1693 901
357 2342
106 8855
1421 7213
2672 1432
9136 8459
7738 4426
3748 4839
8932 2753
2323 4490
4871 3549
9476 3938
8361 8727
1971 8049
303 7214
7285 1836
1656 9759
9723 6575
803 1388
4955 519
3861 6227
8507 3136
490 5229
1095 4948
2846 1641
2012 183
9570 2534
8390 8480
9050 2848
5558 8400
6626 3535
5040 1277
25 7990
2094 577
9701 4099
7390 6717
8654 5075
4477 9410
8607 9639
2694 6166
2665 2940
-1
116
8107 5288
4290 1882
6244 3584
3404 3142
2549 2777
7320 9303
2984 2361
7484 7929
46 3179
6936 1697
9774 5732
2033 3699
9534 1943
6337 1864
1265 1289
5187 21
3057 8311
4431 513
3150 2752
8292 2131
9770 8725
2171 7372
6254 2240
8386 4650
3834 5680
2578 2608
9648 8191
1536 7762
8926 6258
6023 533
323 877
480 5240
6890 3069
2623 7168
698 6621
6353 6179
6812 3983
5203 3510
574 6954
1259 279
3495 6165
4650 2455
6662 3484
639 835
7934 6575
7772 5434
1117 1858
2319 865
5429 3677
497 7235
7605 1693
1751 4232
8020 426
2898 649
4566 3015
8382 3017
28 7952
9167 2841
3673 1436
6762 7719
6544 9290
2906 1216
7559 4006
8484 9593
1467 5270
6628 5555
8007 7864
8531 8336
3279 6775
7036 7626
4386 1999
3500 1781
6717 9658
2509 1307
7691 1584
1963 5825
8848 3548
7327 5995
7111 9129
643 3670
1632 6479
5512 493
3336 6090
9441 283
727 8255
7715 9068
5476 7850
5455 2016
9795 2459
2152 9040
9312 5033
9637 708
3227 9631
9534 2113
7722 2489
8521 5959
4161 1390
2177 104
7009 7198
8115 9406
3299 3626
952 8493
9147 7268
5177 5998
2251 6643
2223 4607
8794 9804
7213 6743
3405 4601
2843 6721
1433 6388
6339 5604
6446 1613
9877 3535
5664 1336
8265 4216
4344 7984
5884 3199
9655 2949
7405 3296
9052 456
232 164
7017 7891
3209 9645
61 3600
3979 9154
1968 1053
5395 9155
5258 1768
6581 3743
1340 7453
5332 6739
2152 6361
2687 9430
6054 613
6197 6750
8044 4429
2642 4651
8454 3304
3749 9281
7970 7723
7333 7118
259 2463
8987 5509
1559 694
3996 3374
8962 8691
4807 1434
5632 8346
3884 1305
591 6933
1184 2095
2996 3274
7856 8378
3175 3353
3016 7214
7446 4055
3951 918
4475 2675
1170 1967
8771 603
2908 5229
4684 4636
3129 9796
1986 879
7102 2605
2308 6510
5104 2361
4866 2204
1877 1965
6528 9163
9103 95
6596 3443
4795 8643
1574 8241
587 7594
4503 8973
5110 5560
6855 5839
2736 6973
419 42
4655 6750
2191 2717
3828 1802
2878 885
5649 6375
8623 1203
264 6923
7815 6397
3221 4901
6714 8575
4905 544
9760 9197
2500 9509
1288 5939
5555 6770
917 8368
16 7611
509 7729
404 8653
5125 3910
4841 3941
1603 1712
5817 2676
7198 1234
8899 3478
1294 8610
6223 3919
9820 2121
1871 7982
8172 741
5034 2173
7685 6023
4088 338
3564 6289
183 6244
9467 1071
9877 3669
4435 7845
8848 3660
310 998
4706 1300
2101 8094
5736 4541
8660 265
7075 7898
1119 7080
2999 172
6169 1086
2707 3543
282 8842
6674 1279
9077 3226
3494 5838
1460 6357
4064 5860
4107 1657
5171 7292
1398 7540
4884 2622
1370 5189
9501 9881
4287 4493
9317 212
4859 7506
8966 4223
7202 195
1445 5971
5131 1281
6591 3816
8377 419
4378 438
6665 197
4861 4775
4213 8656
7353 3023
2622 2987
1315 4354
9169 9436
7925 3094
5569 8543
4090 9862
8272 3768
5231 2835
9062 4008
632 9932
9655 633
910 9474
1230 9465
4932 3693
1366 2512
9586 6379
2966 485
6601 9350
5146 1002
4374 4349
2629 9249
5416 9604
3074 5026
6 8503
7964 9671
6604 7568
8964 111
2275 4928
8296 996
5502 5086
4710 7873
8813 3222
681 2216
8605 1992
6665 245
5680 2898
4321 6542
7341 1391
6019 4664
3937 7080
6113 6620
3438 6504
7300 5645
5650 3696
5786 2422
5403 3769
2811 4613
8949 5477
8265 7575
1421 4349
8053 3476
4543 806
309 7449
7135 2496
6132 9115
1535 9213
5234 7166
8238 7915
5409 6757
9974 2798
1757 1430
2568 3092
3330 5047
5680 7391
4321 8651
7204 1706
5033 4815
8231 7346
9593 847
147 8444
709 6839
1765 7399
8028 283
6017 3965
6730 2477
4495 6111
8685 5366
4276 8093
567 913
1790 2731
8060 6722
8328 6319
1897 5811
6038 3519
3080 2576
9658 4606
8027 2125
4084 1463
5944 3695
7193 5005
4098 5979
5154 6840
3908 9997
9358 7967
9138 4096
630 7236
4300 9156
2791 5169
7147 4608
8604 3127
404 6909
1568 7470
1334 7535
6851 7053
27 7294
5866 4056
9861 4999
1649 2373
8308 4235
9381 3332
5476 9054
7985 8613
5150 2648
4086 3475
7920 7520
5600 5074
3147 9689
7416 7134
7175 6742
7851 5382
6215 115
7521 7937
9013 217
6159 3681
6055 7108
9698 7873
3087 794
3173 1492
6989 3667
7997 3615
7580 931
6599 4941
3658 9051
2895 3468
6866 8955
8856 7303
4865 8635
6362 4031
3779 8251
1951 6023
4006 8424
9555 973
3162 6866
2238 3745
9159 1195
6438 2741
8847 1178
5729 4745
8519 2636
5853 370
5061 42
6888 5635
8352 3423
3428 2252
3928 47
3255 2936
3995 4481
6333 5638
9459 195
5867 7678
5871 1211
1826 1162
5119 5231
7120 791
-1
76
2947 1680
4420 4111
9929 9280
3838 7471
5737 4655
3595 6829
0 4732
6978 2585
3531 8474
8893 39
2265 236
2223 153
623 3206
4312 1618
4128 5879
740 6609
4972 2829
1687 7516
1618 1010
7049 5736
2073 5129
2539 4592
3047 244
8911 7268
4566 4653
7049 3200
9858 9856
9026 4620
3106 7973
2461 4200
3891 781
3321 2828
2006 2438
9963 7770
1437 7865
4530 514
8671 5263
3938 1163
5119 2738
638 2346
7542 1556
3808 2698
4002 6811
7559 3775
4333 118
8817 1837
8273 3513
2987 6428
6753 3152
4160 2550
7255 1350
666 7518
9323 9343
5855 8166
8379 5947
5362 4602
5468 1261
5921 1036
8544 7763
3916 7425
804 3544
5787 5898
1280 95
6974 8934
858 8532
8709 9188
9273 1362
1690 864
6349 1941
3215 9718
6880 572
5550 9711
4886 1729
1187 2791
8487 3500
1084 6397
4024 2410
3529 4187
1210 1532
7308 1931
2451 5521
5918 2842
1692 5449
9850 6958
2321 3017
697 5541
8334 1684
9267 9928
6690 7831
4910 9249
9229 760
3430 3616
43 9293
7268 2461
9748 2865
9746 2531
6452 8343
8610 1183
8126 7551
7767 6904
6223 3637
4291 9530
3540 2603
6548 6402
729 3583
9607 9638
7697 7909
3797 1186
9553 4001
2833 2338
4309 6936
1916 7461
8786 9924
6850 3013
9951 7189
4184 6335
4489 9345
6703 1670
9913 9121
736 2940
2155 6249
1868 763
989 5559
9735 2945
1386 1706
1045 6517
1680 7208
7921 7945
3547 2395
122 1938
8605 8501
1914 9580
9249 16
707 7325
8339 1472
4486 5921
8251 7243
1912 3165
8596 1233
7274 1266
740 1395
744 1116
5243 5021
9540 2530
3164 7292
1007 3884
1795 5513
8781 9756
3904 6078
2131 4217
8812 5525
3638 582
5277 639
1904 8629
6738 6002
5393 9449
3557 2271
6128 5563
870 2042
2068 312
6669 9919
8838 9146
5485 1452
2454 6262
8228 8105
8418 1120
9074 4338
2865 2168
6024 860
1462 826
2594 6719
4600 9623
8539 4387
185 2223
3991 9819
992 328
6096 611
7575 4673
501 7417
817 4957
9254 5943
6369 2923
534 7602
720 4167
3035 3468
3231 1715
7145 3881
9111 4094
7639 6670
493 9271
4582 3314
6446 8948
6816 1402
8034 2218
5126 6731
900 525
6534 6818
4813 7554
7795 449
2912 801
9709 7943
6482 4776
5106 4555
8508 3162
789 9622
5651 6086
5162 3315
7954 8295
2527 840
3134 4445
4323 5095
9462 1318
1857 3905
3396 9708
9134 2542
9864 4619
9685 6328
2059 5339
9666 2758
194 9858
9804 8619
7491 4413
8275 544
4399 8606
4143 5093
9126 9560
1534 3970
1787 8914
1935 8643
1800 1828
9767 6404
3950 4
6407 5520
6529 2735
2035 559
7778 1400
4150 4979
3476 8258
6131 4418
1389 1339
9553 3551
8175 6353
317 6180
2868 8505
6503 6912
1694 7560
5554 4434
980 8661
2828 6210
209 6888
1797 7527
3875 5727
6365 8107
9354 7464
5295 4176
8209 5227
9143 1221
8131 3208
2570 1722
1927 367
8327 6384
4570 1175
4396 6763
9254 1570
2934 602
1613 6588
5878 3812
284 7156
9953 2810
8709 2293
7736 2205
4304 762
4093 4192
4479 3193
9307 3905
9413 2687
2345 5833
3529 1719
4618 8015
572 7802
4227 4381
5471 2406
3420 7333
440 9385
8459 1653
6440 8669
2191 9769
2352 8392
3566 8850
8158 9058
3983 2216
6564 2701
5052 1501
4304 7628
8960 5745
841 9490
1158 5061
192 413
560 2215
8714 9553
4309 1912
4420 3464
9928 3122
7606 5850
67 1566
9480 5016
7573 4713
8224 7037
5722 8446
2590 7030
7316 2152
4019 6405
3643 731
4743 8492
188 5444
1748 3980
2837 8212
5129 212
98 6111
6685 685
6435 3394
8819 3954
887 3466
2798 587
5705 121
7380 4691
5795 8488
8214 7650
1322 5601
3725 4476
3687 390
5137 3012
1718 537
915 9419
5710 6195
5019 6874
904 5929
6324 9246
7705 8874
8266 2665
4710 2688
4523 3511
4152 2742
3279 947
8241 1354
7267 1131
6151 8222
9445 3799
5835 1163
4192 2267
8572 6544
2543 626
413 7047
1482 6368
8735 715
3500 5995
88 6866
3618 3738
9401 5403
1433 2352
9739 1307
2819 9093
8749 5494
5555 6590
5462 7945
491 9508
909 8492
443 614
3487 1127
1086 5826
1903 7447
9092 783
6939 7385
1973 9173
883 5090
6044 7886
9286 9677
2604 57
7325 6532
652 5751
-1
192
6749 272
5950 5845
7496 5292
630 1152
6702 6991
162 2131
7721 7610
7838 8235
9986 429
1758 3166
4294 107
649 4036
7399 2242
9764 8894
1195 6557
2888 841
6484 6342
1428 9135
4945 8746
1254 1382
165 4494
1811 8990
2512 5928
1039 3409
6549 7265
7889 5083
3843 2755
6307 4967
984 8158
1129 9419
4430 8404
3003 7279
8722 8155
4198 8628
8296 8294
4338 4337
8236 1712
8583 2160
469 7709
7258 2458
9880 3564
7191 4159
3933 2573
1835 8797
9706 3826
4591 6519
3034 3935
1473 9300
6706 9785
5362 2088
22 3940
6462 2918
5850 7628
7062 7336
2769 7032
2506 5970
9945 9742
1491 4155
2478 2493
2511 8336
6861 9567
3056 4565
7125 9291
3208 8068
5055 6937
6356 9680
7036 9075
1437 8697
48 4484
2403 5848
8595 4742
6733 4694
7909 6914
9939 5839
3620 4877
3324 3053
3068 5043
6052 8111
1383 3864
3692 7950
3415 4357
3719 2511
9125 9734
9242 6629
946 2875
5130 8865
2377 8528
3356 3862
2299 1715
847 2204
1123 8304
282 9022
7917 3426
3905 9816
2130 3305
5927 1196
5066 1285
1382 9725
8108 7284
4971 208
5112 3472
676 6686
547 662
6142 8698
6070 5568
2588 8730
3603 7297
9968 3744
3345 1542
7436 41
5071 6380
7760 836
1741 6267
4154 5731
6346 7772
7744 3791
1200 4876
4868 1454
6951 7581
6884 4515
9827 1320
8790 9402
8067 8256
6151 8441
5593 4989
5610 9778
601 5930
8120 6478
3438 5695
3405 3233
9008 9620
8634 1078
7138 6371
900 7996
6866 4284
8667 2683
1422 7386
2891 5234
93 1811
6116 535
4669 1836
1290 6375
4189 5736
2869 89
6663 8303
4356 1736
7964 1797
6049 1591
5796 8966
5587 3334
7813 4503
222 636
5951 8255
1134 5212
7111 9545
5118 6857
9499 9652
5140 5915
4148 2666
3858 9498
1925 6308
9466 7882
7496 889
4238 1576
9158 4072
4723 9502
1621 2612
5937 4895
8099 8809
56 2908
7390 7165
4913 1730
1987 1996
1880 3109
4541 4287
3868 6716
533 7781
4067 4904
800 2009
3305 2862
2262 9611
212 513
1322 3113
6185 8914
8732 3623
3931 3703
6387 9933
3658 2436
4396 1355
4519 5311
93 8957
9952 9925
4082 8877
8278 8462
22 996
8443 6559
9906 4744
4402 5
5328 3835
8048 2915
7766 1229
4529 4293
838 6055
1274 3212
1367 5775
6307 118
6641 156
2011 8063
2317 8130
8458 4310
8267 1224
5521 8421
8389 7498
4346 1490
5996 9133
7893 906
8609 1933
3230 9026
4020 8513
1416 9528
5972 3492
3550 4016
5561 8880
1015 9151
9699 6652
8780 6458
8187 3130
9043 4351
8115 8219
5369 4382
4954 4478
2265 1772
7090 496
5400 875
2573 9761
7481 6759
2956 463
9172 5612
3136 1183
2325 273
6503 9966
4529 1349
4684 386
4917 4664
3692 1465
7681 2074
9673 484
8383 6267
8232 1392
6559 2412
548 4831
1980 7711
7900 1039
7897 5160
5655 4657
2296 68
6506 6363
7585 9887
7974 8084
5091 4287
8939 2492
3675 6487
3011 5083
3163 6192
4672 1017
7973 2875
1549 1447
4300 5443
2673 7907
6086 5214
2760 5663
549 7437
968 2422
5366 5084
9166 9530
6636 86
5359 7551
6766 9013
5027 6097
1333 4797
7136 658
8163 8520
8544 2073
1856 9789
270 8386
1672 6998
9309 3533
2900 8557
51 8169
8126 685
5257 1367
4327 3018
7029 2876
215 2229
3612 5928
8807 9406
2851 7849
6008 8176
4313 354
5489 4701
4993 4363
14 9188
2748 2639
2952 1942
6829 222
776 5234
8661 2131
5318 508
7832 882
7977 74
629 9442
8098 7492
9516 120
5601 2663
4914 9087
1194 6622
5024 6780
5375 2839
9222 7743
1572 446
1585 4390
8484 977
4241 4069
7000 1856
289 1150
1425 7124
4449 6364
7185 2094
8585 6371
9341 6993
4284 8794
8578 6615
6093 9259
3820 5833
8018 1020
8626 8161
5529 7534
4182 1912
1300 9536
4829 8378
2953 4430
5046 9906
4138 4549
9510 8821
398 3433
6402 5612
7805 5833
8533 439
4196 9304
9812 5282
701 1333
6041 9615
6302 4166
7331 4629
2704 4100
7365 2773
9346 8612
6717 5254
6294 6840
9721 7270
9638 8623
7681 4810
2412 7382
3319 7362
6187 3946
4257 9941
7260 7232
1480 7974
2336 2261
943 3061
269 4439
1013 6320
3232 1686
6766 5264
7964 2133
7890 750
2177 3233
4212 4796
-1
226
9685 4405
3992 141
8922 5235
7542 9506
4010 4270
6021 4890
6890 6340
7005 8935
865 3290
6525 9682
7597 6931
2387 5431
8091 8654
1357 3355
3666 7107
5828 8862
8852 8978
8006 2322
5215 4078
5113 3635
384 7060
2582 7649
6000 2415
5284 8311
1960 3109
2967 1416
3513 5801
860 8035
5492 9978
1558 501
4399 6913
7866 6834
9900 3305
5232 6903
3250 821
9586 506
7005 4176
9759 7882
1827 7496
8533 5900
2319 1534
5577 4168
951 7367
5520 3726
354 916
7484 6120
9006 7047
2950 8093
9727 9081
4729 8866
6338 7731
4355 5790
3694 856
5229 7792
7616 2400
5993 7806
9626 1295
5189 9265
5933 9650
1525 3588
4775 7311
7147 167
6464 1611
9548 3916
7785 2725
4604 3833
8721 7027
9048 5675
4660 8688
6708 5873
6463 3055
6889 1113
6506 3872
3659 6401
8179 2526
6221 2284
114 3421
7327 7182
9610 3719
921 4926
341 7628
3001 2992
7810 1099
1838 8806
2455 8003
16 2853
9944 3945
4218 5229
1961 8396
4893 1869
3696 229
5742 5155
9572 4226
8235 8488
3494 9909
131 8557
9604 9767
5889 2889
2329 2703
2898 9024
9243 2337
580 2558
7807 9331
1554 3751
5252 5005
7685 9313
2658 3294
8542 9565
4220 7898
8854 8944
1218 4517
1658 2617
5412 2910
6035 6985
3676 1895
294 3408
9278 6263
3113 3192
3169 8336
3196 443
8518 2306
2193 4351
3098 7988
4114 8742
5125 5340
4079 3901
3458 8030
2620 4151
1066 4853
8173 7227
1466 1348
2300 4799
301 21
1432 1931
8763 2138
1578 7566
6920 9157
4139 4682
4873 7294
9987 9302
7663 5915
5176 2735
5059 4642
5919 9099
8664 572
9493 1565
3257 7599
7961 1238
1488 5802
3101 7409
7161 4546
1234 9945
1136 7246
749 2925
5355 1917
6468 6073
2761 3986
8961 1275
6306 106
5743 4071
5702 6540
8467 4344
9168 1472
4558 1508
3896 2760
7492 2678
9526 2023
2213 1714
3947 425
9131 9539
8463 1984
5738 5004
8581 74
6904 7683
9169 2602
5748 3102
3182 9564
1880 4944
4017 2573
7206 625
4935 6036
8082 5815
4919 2719
5211 7017
7243 9571
6926 6495
8328 7594
1544 662
5626 3664
6507 4528
998 7653
7365 4576
1138 4457
7291 1784
5955 8657
6490 8955
8580 8263
2617 3403
1751 1334
2584 9490
4772 448
3473 8197
8745 4400
4836 8165
2267 4583
4152 6297
6604 8198
5204 3075
2907 6343
7019 9297
650 8296
1712 5370
6487 8482
492 2557
7920 3633
8665 8362
1767 7047
2243 7481
3853 124
8884 8938
7684 5888
4936 79
2239 3525
8197 3933
2242 9383
3956 4883
7142 32
4407 7702
3493 1554
4661 9169
2864 2646
8568 5212
4362 9822
8826 4002
4042 8566
6108 9959
5239 9402
671 4919
9111 7640
2535 8429
9634 5806
1012 8636
2621 1527
9976 2289
2945 3996
9755 461
6836 783
9685 9800
6257 5982
1145 4507
6854 5188
1772 2538
5386 4274
2616 5923
7157 1244
4347 1905
5706 3496
8403 861
5900 6300
5573 9800
7988 1822
6236 1214
3137 97
4188 43
5303 4965
2175 6550
8311 6792
9994 2545
1614 6261
3892 8356
335 9077
1522 210
5548 1220
2127 9076
5199 9767
6390 7791
2126 6383
410 9913
762 7817
6274 8335
1332 6194
1299 5960
1635 2751
9073 4990
2168 1447
4152 7745
3631 1140
368 6470
6647 8996
5062 8217
7857 8148
5424 8923
8302 7800
325 3515
4684 8246
8292 6862
8235 5236
5679 6122
9570 9396
8729 4113
3016 7821
401 4631
4885 5746
8461 5413
4852 3863
396 2930
7999 7287
7844 2564
1860 481
7216 8538
4602 3157
551 6670
7593 9072
5874 3322
8994 3612
2911 6322
3443 9438
1607 5084
5015 3423
6790 5451
3385 4011
5266 6620
799 9736
7511 9461
4233 3160
490 238
848 4854
9847 7301
4810 7805
5023 1853
2895 5044
5120 7482
179 4511
4128 1011
2504 5418
169 6976
950 5860
8541 4383
3122 1442
9526 7931
7474 5439
4487 8214
7703 7905
1122 4774
6678 2369
4780 8434
4430 723
9086 4100
6909 1852
6242 3255
3403 3677
1297 2916
2929 5372
5562 4302
3968 3493
2339 5788
1748 5432
7931 7764
1746 359
1826 4271
4143 2911
8977 7935
5894 8010
2903 1681
5229 4102
8437 9713
1055 3328
441 7231
7810 2799
2416 4189
1558 5245
3059 5841
9929 2376
8920 4082
1714 9563
1948 2857
7080 5430
8378 8170
3814 7832
4325 1073
7779 9927
8971 4670
925 1028
8942 5184
5406 6123
3546 4730
9311 9756
4671 6061
975 7986
2444 7293
2217 1515
2094 7135
6303 2772
9980 8200
5666 3027
8541 7712
5292 853
1009 8926
7464 2653
4727 1211
19 7386
7592 2701
1705 524
26 9077
6968 3248
5786 5327
8346 5241
5820 4957
9312 698
9856 9269
-1
127
2824 5660
1542 2838
6152 315
5318 5470
6833 6824
7970 3602
979 2714
3242 350
413 2135
8732 9073
8764 8784
7360 8562
2493 5142
4447 7782
390 6071
9165 5518
7325 9011
478 1818
6227 1937
2600 1901
6786 9452
6548 8245
2543 6492
5252 9779
4258 7450
1145 5585
3000 9147
5472 3823
4949 7400
7458 9243
6634 7486
3439 5265
865 6257
4883 7100
7714 5861
7976 3373
5411 3904
3428 331
6565 7038
2598 4297
1848 5461
4617 7127
1652 3493
1318 5870
1063 1363
4502 468
4457 5082
617 5059
8878 1484
4983 7390
6633 4156
2946 5495
5275 9297
9752 6265
2055 5250
5992 1687
6435 7125
8938 1068
3588 7603
9827 2768
3771 3011
2120 263
5955 7386
9495 9827
6647 8100
7397 5684
6689 2642
6134 7927
1621 3614
8433 9440
2344 2196
8318 8497
465 6247
8250 6384
8164 1268
5207 2248
2604 6962
9842 1697
6468 7915
7403 6007
9866 3675
6873 3289
1355 3734
2326 9046
2909 3098
1941 9115
2847 1554
3251 1857
5712 9618
840 5192
4475 8346
1002 3786
1770 3377
3712 1478
1112 7691
3601 7334
4565 8366
9062 6161
7254 1453
6380 4465
5114 1766
256 9129
7387 2611
7101 4227
9622 1316
6210 8216
6629 6080
9149 9218
6664 9707
7816 6169
5881 4878
6372 1522
7083 6617
512 7015
424 6956
6883 9352
8567 3093
1281 6158
6577 7036
2058 5126
1963 1796
8698 9487
9810 9577
3554 348
6784 7396
2590 7376
559 3593
9355 288
7554 9687
2289 5487
7312 4155
6265 8693
8421 1583
4210 2877
4272 2154
403 4705
1387 5673
3190 3382
5220 268
1165 3071
6241 3758
3988 5631
6308 8091
5434 6862
5675 2593
6242 5514
3764 4066
2538 732
2304 9025
5079 5403
6277 1417
2218 4766
8473 4348
5902 2906
2589 7864
2884 2888
7246 7641
7290 7351
3395 3294
6884 3945
6601 2467
7285 6803
45 5898
404 4718
1843 6164
7359 2482
3496 6827
8027 1994
804 4353
7939 215
5406 6603
9629 9089
7706 202
8858 281
724 1035
7958 395
1553 5934
6279 3599
9852 4904
6661 16
1616 5720
2783 1059
5520 8825
1839 9986
5382 634
2504 6113
289 5623
1784 8190
289 8597
1636 3098
1062 9161
7832 1184
421 8558
6487 6932
7282 6828
1485 5799
3313 5541
7598 3217
9309 6941
6123 9557
8989 8644
6430 1533
8948 4322
4672 2360
2663 4597
8371 2659
573 5113
22 5699
7554 1063
8905 8018
9383 9390
8966 8900
5440 9734
4713 7964
9726 912
2788 7549
2841 5446
4973 5258
356 9682
8423 9585
1044 5874
730 7985
7109 9483
4493 7526
2053 1149
8749 1170
5413 1811
9971 5579
8681 3650
5813 8562
6161 5860
8719 8076
1588 2859
9723 5980
3798 1216
4769 3721
1093 8778
4272 204
2727 8013
8389 3433
9763 9142
7385 7292
9602 8431
393 4387
9882 3214
5338 7721
3517 7313
9500 4794
1702 8446
7090 428
6325 9861
871 9978
1634 5236
844 4752
349 705
5328 7862
238 1869
4267 135
2448 9948
4228 5837
8142 2118
1276 7716
9201 7542
2637 9254
8998 628
9666 4937
4993 6099
2404 5151
2291 746
3717 6689
8706 8025
3557 8827
9950 5458
5070 6179
2108 2298
2713 9012
7401 1536
8149 4974
5693 6038
4567 9203
4792 5093
5438 3300
428 1526
289 5374
5813 1983
2669 8664
2196 2675
9193 8443
6303 995
5492 4307
7313 5649
3312 438
4915 4069
6462 4196
7843 6925
5342 8469
7361 1747
3949 5007
829 9441
8388 1589
9170 297
6246 7742
5814 3001
4338 4208
3257 1896
8710 1213
1718 6279
6344 5438
5768 2215
613 3322
6184 5895
127 7244
3468 1458
9264 6365
9015 5772
8782 3139
6496 967
2743 805
609 8581
7229 6866
6567 3054
6403 5104
8315 3873
932 8606
7449 6837
5104 4826
2335 533
626 5857
7133 8511
9850 3393
7034 8498
2118 4525
3067 6454
3307 8435
7077 3742
2555 1585
313 6730
8390 8932
9054 1011
7011 347
1225 4572
1489 7745
7641 5435
9747 2
3901 7678
6034 523
8269 4560
6214 6813
7102 7880
3793 2207
7596 7001
9838 907
6618 1150
1016 8748
6712 3994
5774 3797
3842 9347
6068 7928
6299 975
5847 206
482 8534
9309 276
8418 1138
4627 9541
5297 4767
5781 4851
4049 3690
9357 852
8633 7563
7939 5200
6678 1507
2728 9899
119 7206
6536 9635
3860 5035
8259 4380
9424 678
8341 1835
9296 65
2916 9691
7628 4322
1343 4335
3617 316
8255 8842
1919 8946
9718 30
6984 4409
4314 1485
693 324
6311 3120
1392 554
740 1428
1544 2924
2248 6572
1545 3350
3692 3420
6367 7763
3882 3404
3234 4641
1977 4510
1220 8544
8177 5517
863 6882
6058 9617
5355 7555
8069 613
3594 9177
460 3621
2787 2266
1188 5513
1920 6243
8372 5958
3860 5083
6597 8326
4434 7392
4141 4536
5611 4513
679 5988
930 4598
7551 17
3985 5698
6224 2636
7852 2539
5018 5562
6725 7982
8556 2195
5274 1007
2567 7194
5980 7642
5551 7894
4618 3011
7527 2029
8498 2175
7728 2176
5301 9387
1513 4355
546 1981
1580 3261
2013 1878
1857 6016
471 5267
3048 5080
1630 7654
7643 307
4727 4171
4071 7253
3265 6435
9070 4335
940 3772
3316 9382
9096 4982
875 1394
5682 8129
9198 3199
8641 9068
2682 6337
5269 3507
1366 8704
9955 325
1169 1436
3954 9476
3501 1361
3736 5021
5966 7574
7455 2221
1770 1946
6012 1416
8737 1907
6189 2552
7665 5036
8571 4679
9276 5280
1826 1261
8593 1621
2327 3265
6117 7665
9448 6598
390 8759
9676 7148
2065 6989
6370 5832
1081 9916
8146 3125
5225 3291
1942 6161
3044 7722
1587 593
1172 5748
4863 1957
5577 3550
6635 6839
8883 4568
9015 6551
7667 9196
1842 3192
5361 1855
8820 3778
4353 8020
6371 1192
6086 7041
425 9661
602 8180
4911 275
6288 2374
5801 2312
4899 5002
5098 4389
3749 3927
1444 1919
8556 3697
1390 1257
6492 1017
6903 9514
5048 9398
5352 5614
3122 1129
4484 4050
9898 3102
4322 3927
4972 853
3789 375
9275 3382
1024 3522
7374 719
5766 6930
6853 4024
1836 8683
1809 6147
2015 5560
8037 7569
3358 829
9379 2409
3767 1346
4330 9364
4709 2984
3090 68
4798 7724
2001 3165
4344 2819
1451 3368
9821 657
881 9551
7471 439
744 981
5970 3759
1711 1109
9656 4914
5764 7998
3859 3841
6107 1864
5458 2660
5293 577
131 8684
7063 2292
4437 3966
7220 6968
7145 8296
2814 4171
665 164
8357 9194
880 7140
3536 6105
5843 7243
-1
408
6184 734
4465 5466
6098 6145
4826 7827
8734 8956
6504 2255
5471 6920
7242 8032
3127 5294
7081 2978
6417 8351
1676 1788
4526 2724
7977 83
8239 4090
155 5598
6594 7385
9904 5074
3110 4373
5913 1670
70 7239
9408 197
9855 8848
6357 1977
8940 5082
7265 4790
5492 1445
1212 7551
2407 1047
6602 7998
9216 8381
3224 8644
9163 3909
7680 7359
3109 1411
9729 7613
4021 4932
7455 8401
9806 2932
5867 5311
9452 9549
4388 4850
8446 6004
3283 4373
730 8561
871 2618
5697 4507
6386 6344
6 5781
185 2648
638 8872
13 194
1384 6740
5352 8571
9268 4149
7347 2413
6903 8254
1795 4782
5572 2587
7595 4416
3634 3858
5600 5861
4897 6042
7952 7421
8718 739
3547 4727
4518 3788
545 4228
8480 5921
15 3175
9999 8979
8034 4069
8858 5202
6964 3323
4912 870
6955 4158
3386 5234
6812 6736
9436 1409
4389 7128
7210 9409
780 8895
2733 3618
9299 9443
8894 5759
8580 900
9434 4943
8574 1225
21 8049
880 8261
6290 4199
4475 5253
8535 1015
1670 6557
2927 9415
1200 8948
2358 6303
412 6736
5035 3388
3591 1483
4186 6774
8039 9606
9592 1660
6006 1559
7612 3256
1884 3062
5452 157
3684 7305
6014 875
8483 8664
2469 9750
9605 4456
198 3161
3777 6536
2289 6126
7016 5050
243 6830
992 7054
2519 663
4129 6337
5652 3284
8594 6675
6017 6042
7613 7368
9810 7717
8720 7447
9783 5698
4887 7899
8105 4278
9255 2670
6169 8393
5138 9131
6891 94
8575 5535
2154 2367
7144 4815
8455 2672
4368 2550
3339 6439
3819 2018
9663 3970
576 8771
6155 8525
8895 1619
1900 9003
6088 783
2202 9990
5833 6735
6669 6209
1937 5697
6910 7582
7568 7835
4690 5602
2216 5331
2466 9801
5942 8170
7702 4660
5833 3169
7793 6884
5454 7503
1941 7622
3482 1148
9480 4782
5077 6959
3334 5859
5096 9666
754 2201
971 6305
3305 5636
1305 6187
7306 6655
9516 5598
1075 5927
7012 6281
1524 764
7498 675
7335 3952
6314 8366
2383 5681
6598 8981
7854 1512
44 7717
6841 6737
3082 6310
7042 3087
5336 6091
2009 5771
2495 3803
563 5328
4770 5646
947 2413
4243 7326
5524 6600
2703 3182
8074 4917
403 8471
1725 4498
5087 2552
8791 3797
2731 6902
8045 657
79 7455
1215 9392
9108 2027
259 4910
8452 2564
8681 1403
1544 3505
8739 1057
7165 2265
3694 92
4691 2059
5340 7399
3426 2869
2023 1820
7274 125
867 909
5458 668
3974 2420
567 9005
5671 69
4349 233
3942 7271
2074 9564
2357 4603
5279 8797
4649 3989
8893 8550
3007 6765
1239 3305
3219 2286
8167 9705
6528 2669
2649 4464
669 5538
7386 5341
9928 8
8042 9083
3316 3384
4441 5027
4295 4779
288 9803
7877 8799
3752 3659
6203 1918
6937 5720
5258 1295
5015 5226
7417 945
4634 3594
3615 9130
2122 3637
156 3710
4491 4873
249 1708
4111 7374
7071 6504
3158 6531
4024 218
459 5696
4486 5561
316 8413
6526 2095
4700 8967
5641 1539
2569 2710
4484 8853
6028 6643
5192 3032
1664 715
7210 8690
6699 6239
6341 5131
8450 321
2044 9824
1922 6144
4727 5853
5863 4076
5690 8857
5908 2209
5652 4759
9341 490
687 8019
9288 689
3707 4896
7711 3662
589 4813
8458 1772
6283 5815
2278 6135
7479 7537
1984 3160
172 207
9099 8816
419 4086
8422 786
1788 7433
1335 3417
3661 7125
6431 5316
2703 1533
7950 7789
3833 9352
6841 8173
3521 8654
9757 9814
9844 9514
852 6790
8467 5360
8186 7390
1731 3140
3260 2552
7288 5080
3722 7439
7664 9930
3454 2488
8140 3594
6115 7918
3958 4064
6673 3552
2627 6222
7275 1489
38 1263
8236 2899
2045 2603
1121 6514
6324 3097
3787 6682
2749 6279
6511 8744
3436 6443
8308 5908
2212 7309
1384 4211
7086 784
6214 4190
6289 2351
7453 2123
6136 5326
1204 2063
3544 6336
7042 3647
7911 1572
8538 1447
6389 476
6849 2784
3673 7011
8660 1132
2548 7516
8330 1201
3216 414
1322 6631
8438 6979
2324 2641
6709 4770
400 2039
3392 1989
8780 326
6476 5141
117 3087
1054 5038
168 645
1140 8064
1777 4902
8365 1447
64 5164
4094 2797
6738 6058
1058 6511
6525 9275
1201 4252
7873 4322
6091 4268
5633 3501
8618 1997
5690 4568
7200 4137
1195 6796
4536 8411
5927 6818
6229 9997
6200 5680
4849 5675
2627 3360
8012 9636
4165 5298
6387 2608
9359 8216
2874 5436
6894 9962
3222 5541
961 2660
7122 3473
8943 1125
1804 8290
6703 6725
7881 3093
4998 3605
5878 8496
6846 769
6768 1658
4978 3879
1019 1174
2333 3605
5483 1637
579 7739
9614 4607
9557 4571
4949 2790
6287 1228
2430 1108
4433 8264
630 6205
3087 7289
9216 9783
8573 7008
9436 5247
8923 8617
5127 8600
5459 1716
7848 6746
5913 6042
7248 6261
4936 3221
5201 5004
2764 6558
7046 8671
2105 8492
3753 5993
1282 3641
7817 4278
2530 859
2777 5908
3 1574
3957 5074
8548 579
2705 5345
7827 4878
7709 350
9956 6605
9147 1682
6708 7777
5860 4147
6839 2070
5217 3618
6563 908
3610 9720
8152 1655
8903 6270
4232 687
160 394
9760 5254
3610 7503
7887 4427
3993 9483
5875 8408
1823 2950
5169 7667
4680 3319
8199 9791
7573 654
1749 7464
-1
