1465601989
307485974
620153429
1937189112
311174441
1616123204
1384559272
1006395967
1338399965
1389350134
1559925424
1908911077
1576981599
101166051
691635575
77869285
509089666
857474186
518312603
789203574
685151357
240315867
5317920
602125405
1177729998
1572962706
567606011
289727879
1918133985
1358577191
1039846286
102656064
349282512
32284205
1349412628
1801342940
713008373
1582497980
35616829
1577683960
275563153
1079286600
546378645
822762182
1182284081
1725755696
902979365
1914655577
13955279
160671315
133376842
917623266
1818704342
1406217478
1319244575
1832583805
793121504
189698584
1305928787
648973146
338201065
1675618310
1257312625
1291719752
1916188516
696518053
1351167678
511319311
523003764
946515444
310378373
1662614906
1211837753
1126376071
1207522817
1693392420
1915314858
1195626110
1261628218
1097887888
1494920147
518499678
1366177841
1867319909
568671797
194201924
1359763365
1887999775
706740188
992882147
1007160858
307965485
664329796
872972570
189797047
1364135570
971351581
1580400632
1345615416
859190173
643881942
1554810038
1222483497
70531911
235108356
451771571
1604779580
967403657
1957370403
763919749
1293959968
634873750
788332304
1874067808
986785157
381856673
950035468
1731028700
436085237
753640869
211712589
541314476
826619426
661636251
1774254805
1759135352
996069468
88858719
475780739
841065594
801003399
285719348
71520956
941273010
1326486166
440260001
779558616
1464270608
1933242501
32841651
765371446
1490215281
1545047056
252974562
980215062
687897550
1991283765
1005001874
36699479
1225749398
1402141146
1986979004
313053841
1269800732
770003428
909061072
1977486480
63455315
1003286736
289635475
179871430
13846943
1346410126
1132527356
1886893251
91631820
542164732
1340264202
565716643
1958365963
716660290
1903890157
69919849
923249302
892198052
266604210
1990911655
424837001
1000320153
701321535
946213159
917460948
831749101
935252082
1840348388
273379865
530580444
1017858116
324612554
954238751
851920211
1014322211
1453969796
727811480
1515339261
156205495
729557765
1435962514
358413193
945986039
1474211677
1516824937
517157229
1453873278
444936705
850845446
1891343865
267331209
1476041046
333869120
1671322976
1954100864
1865398841
1380329060
157097120
948472930
1539105044
445373160
818801964
493749032
1966678897
237648386
1827411582
20833518
836314189
328794516
871620514
287888086
1135288294
1950326770
1700206061
1496338959
1564630838
1295553094
1177937275
83609608
1287072462
268190242
1923988096
350228430
281909209
1490151130
370148940
1547364121
463581725
1245304861
1212166297
29323842
448619749
1341066442
404474106
621703506
956073836
1974546454
1130937165
680003474
1710261810
1562366509
1760755777
415030700
1109521448
1473993102
1002356813
102570368
1717256454
1982696881
1843101139
1368180149
856340705
1702168951
170855462
1107940749
1665711468
991853844
1512901115
1084892536
700842969
564235892
1235321658
1241864168
1089993015
1965372904
1516333290
1110841447
1767274362
632522341
1199859335
750472026
1655520623
1405550459
250931981
1934815209
1098689905
953388136
987511871
334121524
1922933657
896170287
706300744
665604567
464758360
1130778661
1429168300
959928284
1179044642
608258319
1610108905
500353918
1849045261
1116099104
1762190454
699241694
339820918
429277588
1856625009
32340195
1288603672
1495865697
1312511164
389390292
1372465556
1772677036
1857192704
1587704748
800532371
1452906670
1315053246
577453826
1774369136
751006902
1415900149
1131219803
1848475280
1138490842
1731194071
366898870
84448207
1603982558
1464009666
1125012075
1554281212
1151676127
264760917
720418250
1523797697
1788376996
1460800138
1569639643
1219685096
1696755356
295322579
1701029780
837101522
1516441922
1508797648
1381974270
1581909961
1878460801
1388032037
1782081014
1835443311
401802478
1922857796
458899174
1531601311
1027394995
1717345048
1910029847
1971611916
571782626
85115329
1816949088
1948324304
1753552483
277698906
1504790953
1182692723
439989696
900549513
298467473
1730196500
580151925
912711035
1849869719
1835746854
541474314
149429925
258580228
1686714977
805744685
1213146211
1017913750
1625933507
1890060139
966104029
1820504935
105449869
632290222
1320701652
75324879
1601829559
224555523
763552189
871578533
1937696399
245069111
198957326
1912588913
1733355414
939522153
1008896852
228967017
459581230
1387190945
483452880
730618934
1712962904
916280846
1845341645
717391891
450186820
488334674
265350297
282434758
116613781
116210585
202495062
1388534297
1679343904
1011048359
1644405333
1358000142
363998267
1259408876
70131863
1887201611
1805193484
291689971
934071394
1499549615
808452508
1132450620
1041235069
337980263
833276759
380033802
588452372
1478105336
1441189530
508030726
253789135
652340582
34576418
599980549
913585291
1933208967
14703784
1741991076
179505301
1610192873
560651251
1511278747
1085415055
522497571
1835079029
27601093
1351042165
853467712
1898861771
136286075
451904814
632475983
306553479
1241154042
1429494999
1330814979
765106939
944328620
1617053742
467581677
1311865201
1107322240
1227599469
1651059498
968727781
1670246769
1989558780
597314313
1397908929
1532476266
533213750
1084173053
1467202874
1486925042
1888715068
619449523
1067697991
1770643810
1055679707
274847635
397165597
1238963421
347244421
1911573398
81196213
1774703408
1022843914
708268877
707926987
436760892
452441832
473893393
1505143616
1427119820
579538924
775103400
1778533503
897939804
1003599327
1143199605
1812832556
1721355724
844756126
1174317052
1067736264
768926957
1201333679
541509355
40030030
1604864943
576856792
583442997
915178170
961870621
1117272249
1540810802
49237243
1412485286
1336475575
358131461
537701838
1543212030
1334716401
822351083
949018042
1557884934
1290877422
1007453019
883581477
835416383
1948063459
549748439
516900358
163582092
671924310
1991063425
1912144212
455071405
1164377625
559228775
1771414840
886240521
493426670
1568567758
1151445579
1134173734
516985065
1910951677
1079342843
557927868
717096752
5210473
1094722718
376129936
1787766542
269901165
538416947
1906386939
642110419
994242041
1647277544
1985504198
626830431
1853131304
847729371
1659737606
687049168
1824182187
321684439
1649877904
523182766
1847745841
108610521
1271734502
1093001059
221758150
1263877590
1200251520
669893600
120605695
978010815
1115177536
1045909852
925004783
998982606
405689585
999459562
811942268
948281391
671681944
626241783
1714159996
79295388
612248863
1896205064
1875217888
201080678
893581037
1523316144
911801366
699852060
629292045
1923496717
1845876883
646673354
1196579370
764381952
1255048917
1570498875
1855187005
1234968738
1970173482
1741602052
1310533685
1797767160
145532642
403109334
913095154
1988535029
1605974781
199829812
1190086197
57093274
1823592707
485614022
710744167
33803819
1096820973
504838056
844052898
952515634
1646134333
1374101865
1144687024
950233945
1058456639
858267520
220870384
1638306418
1741563963
792727161
390948170
50544838
1096903676
291503097
1555160430
1069122198
1586589831
1003634096
1639142347
594223543
394812336
1096000301
335174215
851514223
268363627
747211895
1180992568
529877710
855615855
1790889388
1251781108
1587106051
1040481462
1403700399
65759910
445413590
1174618758
602083011
571982127
1811031561
1940988465
216909109
330207163
1496156234
277993446
1576914743
1368176946
115307714
174839050
42810440
1312440395
386145546
827351062
1924463445
961077517
498421486
284831159
1401879839
674547196
409239069
771563674
1874857026
490784392
537091263
1205016619
627016834
1089881126
427513823
109295583
658872955
1228542386
791079574
1961171834
377631055
1912360003
519914358
11792163
171212319
1000070209
79193504
778182106
1964258648
542982673
1899792153
169845792
1751885854
523926292
650369897
1758832346
1257260692
1067595053
417993319
1448948099
292099725
742712696
586531524
302951659
1368358740
599822082
16313706
1336143730
1124136786
207585827
1643741830
1017504221
1445175312
1475854703
23815017
212595756
1222160995
813355645
1953786473
1806138768
1866088654
1383148906
746984320
188609570
1070560511
1731426333
944212151
243183845
621456773
1805569996
572939262
1987663453
1787095075
357975042
1933485643
1840841884
1808966299
1338897171
834682317
391864454
1209470812
823467079
335815842
356609489
1210406022
1168414879
245820584
893388329
1781886413
1830473350
1307282194
305146936
1689609834
1448805621
1190910115
1139058704
118258272
1906337110
860864774
1838105902
86133683
1560855133
1729986355
392318133
1012406454
85839434
250642120
1310367788
1918552847
1528515237
661230180
1795121404
1086407272
8736124
1714033464
1046060591
611862455
1199819505
1749873651
1507385380
484215221
942476494
453291740
1740925285
153079497
35296973
57925285
1036228001
964736752
961357013
1884671863
471852852
1463861583
909329619
865402186
269036326
1899518850
362877286
835215294
969088857
358718706
832396055
624265010
807335011
1072500190
60879830
403325865
744421326
638627562
285720186
944841529
1882651118
1506861710
585132612
1500998501
1088161338
681072727
1373816817
1471547741
950295307
1197611700
1080385229
1035670953
1697096962
1900024217
1684324972
1611956451
1949277383
1324652155
117007086
528676665
1596200590
1519609924
317358759
800259284
1205453930
770418399
252584052
1082925417
678578180
974982147
1557554340
903526218
462122477
224107840
1953845085
1844955505
927430947
602264140
1371175999
1898896978
152441342
1144243028
729349163
1219897013
370039131
1443368581
417830944
160473067
1631726139
1233972075
1376126344
1197076452
1250974068
1345060912
160852207
515294923
445872006
559962435
126440068
1683971029
1605952648
664888773
317753194
79362935
1766620587
1940413452
61858267
104685361
149894268
295030922
1201348311
282604872
1206156701
1458970413
1881218339
1499076767
1141333188
1531072267
1735343106
1886653328
1557538967
293026356
1835793019
1954607351
294213233
1606522579
1869829207
756410190
752519694
1336453287
1282171997
835002895
1552516333
371115184
421848612
721652961
1253202232
226686838
1796065932
1784512198
1524292598
1700435424
88218236
45834671
122489104
687484942
1854921864
108511322
1935205446
771879001
1610414023
1450492171
1365711751
1738734982
285039218
126882349
912300183
1524402682
1283752902
609868096
654541801
1802573168
424923670
371623059
1703815776
848728621
1361620257
681289026
576240334
222664892
577853810
1426988400
1974831903
164316301
1079260402
659148334
468884327
255622598
28667328
1167540024
1414292593
1772287248
820435909
1589342176
747571153
0
