200
27 9
1 1
9 12
20 23
28 28
35 37
38 41
46 47
49 49
50 50
97 11
4 6
7 7
32 33
51 52
60 61
86 87
98 100
130 130
136 138
142 144
173 177
64 8
5 6
16 17
34 34
50 51
70 70
88 90
93 95
112 112
60 12
3 5
6 6
16 19
25 25
26 27
45 46
59 59
63 64
82 82
95 99
104 106
113 113
56 15
5 6
23 24
36 37
38 40
51 53
54 54
57 59
61 61
64 64
65 67
75 75
81 82
85 85
94 94
103 105
99 12
6 7
15 15
40 41
54 54
71 75
89 92
94 94
102 102
131 134
149 152
167 169
171 172
17 10
1 1
2 2
3 4
6 8
11 11
12 13
18 22
23 23
26 26
30 31
23 13
2 3
4 5
8 8
10 10
13 13
16 16
20 21
25 29
31 31
32 32
34 34
37 39
44 45
53 15
3 3
11 14
19 19
30 30
33 33
38 38
51 51
56 57
61 62
66 66
67 67
70 70
72 72
86 86
101 101
23 12
2 4
7 9
15 16
17 18
19 19
22 22
25 26
27 27
32 32
35 36
42 43
45 45
35 14
1 1
6 6
8 10
14 15
16 16
22 24
28 28
38 38
42 42
46 46
51 51
53 53
58 60
68 68
74 12
7 7
24 25
31 32
37 38
42 44
49 49
67 67
81 82
88 89
107 107
130 131
140 140
67 9
4 6
24 26
41 41
52 52
68 71
90 90
102 103
122 122
131 132
61 10
2 2
10 10
16 17
34 37
45 46
67 67
81 82
90 90
107 109
115 115
48 10
3 5
8 11
21 21
36 39
42 42
50 50
58 61
73 75
82 82
91 91
21 10
2 2
5 5
7 11
17 17
22 23
27 28
32 32
34 34
39 40
41 41
41 10
4 8
9 10
20 20
31 32
37 37
43 44
49 50
61 61
70 71
78 78
59 10
2 2
3 3
21 21
24 25
35 37
49 53
60 60
75 76
94 95
111 111
36 9
3 3
14 15
23 26
31 32
39 43
47 49
50 53
63 64
70 70
41 10
3 3
10 11
22 25
30 30
40 40
45 49
54 54
59 59
67 67
72 72
85 12
7 7
10 13
14 14
37 37
58 60
80 80
89 90
99 99
122 124
136 138
156 156
162 163
88 10
4 5
11 12
40 42
65 66
86 86
89 92
103 103
129 129
132 133
161 164
28 12
2 4
7 7
15 16
23 23
27 27
29 30
36 36
39 39
40 41
42 44
52 53
55 55
38 13
2 3
11 11
15 16
24 27
31 33
40 42
44 44
45 45
53 54
64 64
71 71
72 72
75 75
58 10
3 3
18 20
21 21
38 38
47 47
59 59
75 76
85 86
101 102
111 111
17 12
1 2
3 5
9 9
13 13
16 16
18 18
19 20
21 21
25 26
27 27
29 29
33 33
67 14
1 5
14 14
25 25
27 27
36 36
45 45
55 55
63 65
70 71
90 90
95 98
115 115
125 126
133 133
51 13
1 2
7 7
9 10
24 25
37 38
39 39
44 45
56 56
65 66
78 81
84 84
89 89
98 99
92 12
6 7
22 24
42 42
43 43
65 65
69 69
93 93
116 116
125 125
153 153
174 174
175 177
72 11
6 6
13 16
24 25
47 47
63 63
76 76
94 97
114 114
127 130
132 133
134 134
98 11
1 1
28 29
54 56
73 75
107 109
130 132
147 147
164 166
171 172
181 181
195 195
63 13
4 4
7 7
20 21
30 31
42 43
47 48
53 53
54 54
65 67
81 82
96 98
112 113
120 123
64 14
1 1
8 8
9 9
14 14
27 28
29 29
49 49
68 68
72 76
90 90
99 101
107 109
111 111
124 124
97 14
9 10
14 17
21 21
41 42
48 49
63 67
77 79
106 107
135 135
136 138
168 170
172 175
185 185
193 193
41 10
4 4
9 10
19 19
28 29
36 37
44 45
49 50
60 60
66 66
78 81
29 12
1 2
5 6
12 15
23 23
26 26
30 30
33 33
37 38
43 44
45 45
50 51
53 54
97 13
6 7
8 8
20 20
29 30
52 52
64 64
88 88
101 101
113 113
118 119
149 150
154 156
165 165
24 10
2 3
8 9
10 14
19 23
26 27
30 31
36 36
41 41
43 43
47 47
78 11
3 4
20 20
43 43
46 48
66 66
81 83
88 88
107 107
123 125
137 137
142 143
25 8
1 2
8 12
13 13
20 21
26 26
33 35
41 42
45 46
69 12
1 1
3 3
5 5
22 23
41 42
58 59
71 71
77 77
88 90
102 102
122 123
136 137
66 11
6 6
8 8
25 25
36 36
55 55
62 62
72 72
80 81
89 92
108 109
130 130
66 11
4 4
23 24
29 29
42 42
43 43
49 50
69 69
86 86
87 88
109 110
128 131
79 15
7 8
14 15
26 27
30 34
52 52
65 65
81 81
83 85
92 92
100 101
105 105
118 118
139 139
156 156
157 157
63 9
2 3
21 23
41 44
61 61
69 69
85 86
91 92
98 103
123 123
28 10
2 3
9 10
18 18
21 21
25 25
29 30
38 40
44 44
47 47
48 51
63 11
6 6
24 24
32 32
42 43
55 56
66 67
79 81
91 91
98 101
102 102
122 123
89 11
1 1
7 7
11 13
32 32
49 50
54 55
82 82
94 94
117 117
142 145
167 169
39 9
2 2
13 17
26 27
32 35
41 41
52 52
61 61
62 62
69 73
41 11
1 1
8 8
11 12
21 23
29 29
35 35
42 42
52 52
57 57
67 67
77 77
75 14
7 9
22 23
39 39
40 41
60 62
67 69
72 73
79 79
98 98
100 100
104 105
117 121
123 125
144 144
20 12
2 2
4 5
7 7
12 12
15 16
19 19
22 22
24 25
30 30
31 32
35 35
37 38
36 11
1 2
3 7
12 12
21 22
27 27
28 29
30 30
39 39
49 53
60 60
64 64
74 13
1 3
18 18
30 31
51 53
61 61
62 62
68 68
69 69
81 81
98 98
113 113
129 130
141 141
86 9
3 3
22 24
40 40
56 56
78 81
92 92
113 113
136 137
164 167
97 12
8 11
17 18
37 40
60 62
71 71
91 91
105 106
114 115
122 125
155 155
168 168
189 189
11 8
1 5
6 7
8 9
12 12
14 14
15 17
19 20
21 21
48 10
3 4
19 20
33 33
40 40
50 51
55 58
65 65
77 78
79 81
89 89
28 11
1 2
8 9
15 15
20 22
29 29
37 37
42 43
47 47
50 50
51 51
52 52
12 10
1 1
2 3
5 5
8 9
10 11
13 13
14 14
15 18
19 20
22 22
33 15
3 3
6 6
9 9
10 10
12 12
16 16
22 22
30 30
34 34
35 35
37 38
43 45
54 54
55 57
61 62
68 12
6 9
22 22
30 31
37 37
45 45
54 56
67 67
72 73
84 85
102 102
107 107
117 118
29 9
1 3
6 6
8 10
14 16
22 23
31 31
34 36
44 44
50 50
78 16
1 1
22 23
40 41
52 52
58 58
67 68
70 71
83 83
95 95
103 103
110 110
118 119
124 124
127 128
143 146
152 153
65 14
1 1
9 10
15 16
17 17
29 29
41 41
48 48
55 57
63 63
68 70
72 72
88 90
95 95
112 113
50 13
5 5
11 11
16 16
17 18
22 23
37 38
46 46
52 54
55 55
62 63
68 70
82 85
95 96
32 10
2 2
4 5
14 18
22 23
26 28
33 34
36 36
37 39
47 50
56 56
60 13
1 2
8 10
12 14
26 26
44 44
59 59
62 62
64 65
71 74
90 90
92 94
100 100
113 113
43 11
2 3
6 7
11 14
22 24
33 33
42 42
45 45
56 56
58 59
71 72
82 83
66 12
3 3
6 6
10 13
18 19
25 26
43 43
62 62
70 71
77 79
85 85
103 103
121 122
66 12
3 3
16 16
25 26
37 37
43 45
59 62
68 68
80 80
88 89
110 110
114 114
129 129
51 9
3 3
16 18
33 34
47 48
52 52
67 67
71 71
82 83
94 98
81 10
8 9
32 32
38 38
58 58
87 87
98 98
110 111
131 134
141 141
152 153
32 13
1 3
9 10
14 14
21 22
24 24
30 30
33 35
38 40
43 44
50 52
56 56
59 59
62 62
26 13
2 2
7 9
14 14
17 18
20 21
28 28
30 31
36 36
39 40
43 45
46 47
48 49
51 51
98 10
1 3
5 5
8 8
36 37
41 43
73 76
103 103
115 117
147 150
164 165
80 12
4 4
9 9
10 11
26 29
48 48
54 54
56 57
71 71
86 87
106 106
123 123
146 147
17 10
1 1
2 2
3 3
5 5
9 9
13 13
14 16
18 20
24 27
29 30
50 13
4 4
8 10
12 12
14 14
26 26
27 28
43 43
48 48
54 56
63 63
74 74
79 82
90 91
51 11
4 6
8 8
23 24
30 31
45 49
55 56
66 66
71 71
83 84
94 94
99 99
70 12
6 8
26 26
27 28
37 37
52 52
73 77
78 81
85 85
105 108
111 114
131 131
138 138
24 10
1 1
8 8
13 13
20 20
26 30
34 34
37 38
39 41
42 42
47 47
65 13
1 1
3 6
20 21
38 38
46 46
58 58
67 68
73 76
80 82
102 102
112 113
120 120
122 125
78 12
7 7
15 17
21 22
29 30
34 34
50 50
56 57
84 87
100 103
128 128
133 133
135 136
65 8
6 6
26 27
47 48
66 66
84 88
97 97
115 115
127 128
46 8
2 2
14 14
22 23
36 40
50 51
60 60
73 73
83 83
15 10
1 1
2 2
3 3
6 7
8 9
12 12
16 16
18 19
22 23
26 26
42 12
2 2
5 5
12 12
15 15
21 23
27 27
35 36
43 45
58 59
68 71
77 77
79 79
69 14
6 9
10 11
26 28
32 32
40 40
57 59
72 73
83 83
84 87
89 89
100 102
112 112
134 134
135 135
86 14
1 3
4 5
32 32
59 59
67 67
68 68
88 90
99 99
100 102
114 115
128 130
148 149
152 152
171 171
36 11
3 3
9 9
15 15
22 26
34 34
35 35
38 40
50 50
54 55
60 60
70 70
76 12
6 7
15 15
31 31
53 54
55 55
57 60
78 79
101 101
109 109
120 121
137 139
151 151
43 11
4 5
18 19
26 26
29 33
46 46
53 56
57 60
62 63
71 71
77 77
82 84
83 10
3 5
15 18
42 43
67 67
88 88
97 97
108 109
117 117
123 124
137 140
96 18
8 8
27 29
32 32
34 34
36 37
43 46
66 68
69 70
78 79
97 97
114 115
120 120
123 123
129 129
144 145
147 147
174 175
182 182
61 11
5 6
21 21
24 26
40 40
46 47
56 58
64 65
78 81
91 92
110 111
120 120
59 12
2 3
19 19
35 35
40 40
42 42
46 48
60 60
62 63
70 72
87 87
98 100
113 113
66 11
5 6
20 23
42 42
47 47
59 59
71 71
76 76
94 95
103 103
110 110
115 118
72 12
3 3
21 21
33 33
40 41
58 60
77 78
89 89
94 97
103 103
106 106
115 115
128 132
44 10
3 6
8 11
19 19
31 33
36 40
41 43
45 46
59 59
71 74
80 80
78 8
3 6
29 29
48 51
73 73
82 82
101 101
126 129
154 154
15 8
1 2
4 7
10 12
13 14
16 16
20 22
24 26
27 29
43 14
4 6
7 9
12 14
21 21
26 26
37 37
40 40
45 45
47 47
59 59
60 61
64 64
65 67
77 77
83 12
8 8
28 28
39 39
60 60
61 63
67 67
68 68
88 90
109 111
126 126
152 153
163 165
26 12
1 3
7 7
14 15
18 18
21 22
25 25
27 27
29 32
35 36
40 42
46 49
50 50
47 10
3 3
7 8
15 16
30 30
43 43
51 51
53 53
60 60
62 65
79 81
37 12
1 2
8 10
16 18
28 29
30 31
40 40
46 46
50 50
52 54
60 62
66 66
73 73
62 12
3 5
18 22
31 33
36 36
52 53
54 54
60 60
66 67
80 80
83 83
102 103
116 116
92 12
3 6
13 15
33 33
61 62
88 88
101 102
107 108
125 125
134 134
151 153
169 170
176 177
52 14
2 3
18 21
27 27
30 31
42 42
44 44
54 54
62 64
78 79
82 82
83 86
87 88
95 96
102 102
59 13
5 5
18 19
21 22
36 39
46 46
57 58
61 62
65 68
81 82
83 83
92 92
98 100
115 116
22 12
2 2
4 4
6 6
11 11
12 15
18 18
20 20
21 21
23 24
30 30
35 37
39 39
63 12
2 2
5 8
26 28
37 37
50 51
66 67
76 77
94 95
102 102
106 107
113 115
123 123
38 13
2 3
7 9
16 16
19 22
29 30
37 37
39 40
45 47
50 52
55 55
57 57
65 66
71 71
10 7
1 2
4 6
8 8
11 11
12 13
15 17
19 19
58 11
1 3
10 10
26 26
31 31
43 44
50 52
63 63
80 80
85 85
103 103
115 115
49 12
2 2
14 14
19 20
22 22
32 32
45 47
53 53
66 66
70 70
74 74
83 83
96 97
55 9
5 5
21 23
31 31
45 48
57 59
72 72
74 74
86 89
95 98
55 13
2 2
18 19
26 26
36 36
44 46
53 54
56 56
58 59
66 66
81 82
90 90
96 96
109 109
73 14
4 5
6 9
22 22
40 40
61 62
64 64
75 75
80 81
104 104
107 110
126 126
128 129
137 137
143 143
95 11
6 8
38 40
59 59
84 85
89 93
94 94
101 101
116 116
130 131
158 158
184 185
95 15
6 8
15 16
43 43
55 55
62 64
76 76
80 81
91 92
99 101
131 131
133 133
156 156
167 167
176 178
181 182
11 8
1 4
6 7
8 8
10 10
12 14
16 18
19 19
21 21
19 10
1 2
4 4
9 11
13 13
18 18
20 22
25 25
27 27
28 30
34 37
97 15
3 4
29 30
42 43
49 49
59 59
75 75
78 81
82 83
88 91
104 105
111 112
118 118
130 130
160 161
168 169
20 9
2 4
6 6
9 10
15 15
19 19
22 23
26 28
32 34
39 39
62 10
3 5
21 21
36 36
44 45
50 50
67 67
86 86
90 90
96 99
118 119
16 11
1 2
5 8
9 12
14 14
17 17
19 19
21 21
23 24
28 28
29 29
31 31
28 12
2 3
9 10
12 13
19 19
20 23
24 26
30 33
38 39
44 44
45 45
52 52
54 54
70 13
1 2
9 10
25 27
45 46
61 61
62 62
74 75
89 89
102 105
113 114
115 116
132 133
137 139
25 8
1 4
8 9
10 11
18 21
27 27
34 34
35 36
43 45
69 8
6 7
23 23
38 40
62 64
75 75
84 85
104 105
127 130
45 10
4 4
10 12
23 23
32 32
35 35
47 47
58 59
63 63
65 66
76 79
38 12
2 5
10 10
13 13
18 20
27 27
41 42
44 45
54 55
57 57
68 69
70 71
72 73
90 12
4 5
11 12
30 30
35 35
46 47
53 53
78 78
91 93
120 120
146 149
153 153
179 179
37 12
2 2
9 11
17 17
20 21
26 28
38 39
48 49
51 51
54 54
56 57
59 61
72 72
50 11
2 2
15 15
27 27
35 38
55 56
62 64
73 73
87 88
89 90
93 94
98 98
41 9
4 4
12 14
21 23
34 37
45 46
54 54
61 61
71 71
75 75
90 10
1 1
23 23
42 49
60 60
82 85
92 92
120 120
147 147
165 165
172 173
45 11
3 3
10 10
12 13
27 27
28 28
31 33
47 47
61 62
70 70
76 80
85 87
29 11
2 2
7 7
13 13
18 18
23 26
30 30
35 35
38 39
43 46
48 48
54 55
22 10
1 1
5 5
8 8
13 13
18 18
24 24
25 26
32 32
38 39
42 42
80 10
4 6
24 25
30 32
56 57
73 73
82 82
105 105
119 120
135 136
158 159
15 10
1 3
5 7
8 11
13 13
14 14
16 17
20 22
24 24
27 27
28 28
98 12
7 8
33 33
41 43
45 45
51 52
57 60
73 75
100 100
126 128
138 140
164 165
194 194
48 12
3 3
8 8
14 17
29 31
46 46
49 50
54 54
66 66
73 75
80 81
83 83
95 95
64 10
1 1
18 18
32 32
49 52
70 70
74 76
90 90
108 109
110 110
120 121
13 9
1 1
2 2
3 4
7 8
9 10
14 15
18 18
20 22
25 25
19 10
1 1
3 5
9 9
11 12
16 16
17 18
20 21
25 26
30 31
36 37
26 11
2 3
7 10
15 15
20 21
25 25
28 28
31 31
37 39
41 43
47 48
50 50
93 9
8 8
35 36
60 61
88 88
101 101
112 112
136 136
140 140
156 159
77 16
2 2
4 4
15 17
33 33
47 47
48 50
63 63
73 74
80 82
86 88
90 90
114 114
134 136
137 138
142 143
153 153
28 10
2 2
9 10
11 13
17 17
20 21
24 25
29 29
37 38
46 47
54 54
54 11
1 1
14 17
28 28
31 32
48 49
59 59
68 72
76 80
85 85
90 90
104 105
10 8
1 1
3 3
5 8
9 9
11 12
13 15
17 17
19 19
94 14
1 1
25 25
26 27
29 29
44 44
58 61
65 68
70 70
78 79
101 101
111 112
131 132
150 150
169 169
13 8
1 3
5 6
9 11
12 12
14 14
17 17
20 21
23 23
69 12
5 9
21 21
24 26
39 40
54 57
73 73
75 76
84 84
96 96
112 112
117 119
122 122
98 14
6 6
8 9
27 30
50 50
51 52
57 57
63 63
72 72
93 97
103 104
119 119
148 149
157 157
172 173
46 16
4 4
10 10
13 14
18 18
19 19
33 34
38 40
42 42
48 48
49 49
52 53
54 56
65 67
72 73
82 82
86 86
39 14
3 3
14 14
19 22
27 27
28 30
33 33
36 36
37 37
38 38
42 46
57 58
68 68
71 71
77 77
69 13
4 5
25 25
33 33
41 41
58 58
62 64
74 75
79 79
86 86
93 93
96 96
115 116
125 128
25 11
1 3
7 9
13 14
16 18
21 22
26 29
32 32
38 38
41 43
46 46
47 48
68 13
4 4
13 13
23 23
31 32
39 39
53 54
59 61
64 64
70 71
91 95
108 109
112 116
124 125
70 12
4 6
15 15
32 36
45 45
62 62
68 69
74 74
87 87
90 90
98 99
119 121
133 135
62 12
2 3
16 16
24 24
43 43
47 48
63 64
82 84
96 99
107 108
111 112
117 118
121 123
58 11
3 3
18 19
28 28
45 46
54 55
62 62
67 68
72 73
85 85
100 101
103 104
78 12
3 4
14 15
30 30
34 36
60 60
74 75
81 81
94 96
106 109
112 112
135 136
140 141
79 15
1 1
12 13
16 16
31 31
53 53
55 55
60 63
77 78
84 84
104 104
106 106
107 110
112 112
134 134
154 157
51 12
2 3
6 7
8 8
18 19
32 32
35 35
43 43
56 56
61 62
74 74
81 81
97 100
28 11
2 3
8 11
17 20
22 22
26 27
29 29
33 35
39 40
43 43
46 46
51 53
64 12
3 4
5 8
13 13
14 14
23 23
37 38
46 48
66 68
81 81
100 100
104 104
109 112
56 11
2 3
9 9
25 25
40 41
50 51
61 61
69 70
79 80
89 90
102 103
110 111
39 10
1 2
9 9
16 18
25 28
30 30
37 37
42 46
58 61
67 67
74 76
57 11
3 4
22 22
25 25
34 37
45 47
56 56
61 62
69 69
77 77
88 90
105 107
57 10
3 3
18 20
31 31
35 36
44 44
61 64
73 73
84 84
87 88
95 97
80 12
2 5
12 12
25 25
50 52
76 77
88 88
94 94
106 106
111 114
127 127
147 147
154 155
32 12
3 5
14 14
17 17
22 24
26 26
34 34
39 39
44 44
49 51
55 55
56 57
63 63
96 10
7 7
23 23
52 52
54 57
72 73
85 86
105 105
119 119
150 151
182 183
52 10
4 4
20 20
34 34
44 47
57 60
61 62
73 74
84 84
95 95
97 98
88 11
1 1
17 18
43 43
56 56
64 65
73 73
80 82
96 98
124 124
145 145
154 155
85 13
6 6
13 14
31 35
43 43
54 54
57 58
67 67
90 91
104 104
119 119
139 140
146 149
167 167
21 8
2 2
6 7
13 13
18 20
22 22
27 28
34 37
40 41
52 11
5 7
9 10
18 20
32 34
42 42
57 57
67 68
74 74
76 78
88 88
94 94
91 11
4 7
29 29
54 54
55 55
81 82
89 89
98 98
100 100
112 112
140 140
164 165
10 9
1 2
3 5
7 7
9 9
11 11
12 14
16 17
18 18
19 19
10 9
1 2
3 6
7 9
11 11
13 13
14 14
15 15
16 16
18 18
85 11
3 3
22 22
24 25
39 41
58 59
61 61
90 93
111 112
133 133
152 152
162 162
24 9
1 2
9 11
13 14
19 20
25 25
29 30
36 36
42 42
44 46
74 10
5 5
16 16
39 40
62 62
73 73
80 80
102 102
122 122
124 124
140 140
68 10
5 5
14 15
18 18
24 24
43 43
62 63
72 72
89 92
112 112
129 129
21 6
1 3
8 10
16 18
23 27
31 32
37 37
44 10
1 3
4 7
19 19
29 31
42 42
47 47
51 53
63 63
74 74
75 77
40 12
3 3
10 10
14 15
23 23
32 35
36 36
43 44
47 47
48 48
56 56
65 66
69 70
66 10
5 5
18 19
28 28
38 38
58 58
71 73
92 93
97 97
112 114
120 120
58 10
5 5
20 20
23 24
41 41
52 55
62 62
65 66
80 84
102 102
115 115
14 9
1 3
4 6
8 10
13 13
15 16
19 20
22 22
25 25
27 27
98 11
8 9
30 31
32 32
57 57
81 81
101 102
119 120
149 149
163 164
179 179
181 183
47 14
1 3
8 8
10 10
22 25
30 30
37 37
48 48
54 54
57 57
59 59
65 67
77 80
81 83
92 92
77 13
2 2
16 19
27 27
47 49
63 63
68 68
72 72
84 84
96 97
114 114
135 136
145 145
153 153
