250
147 14
10 10
27 27
56 59
73 73
75 76
115 121
122 125
143 144
149 149
151 151
176 177
205 205
239 240
272 273
246 12
22 23
61 61
133 133
157 159
175 177
242 244
256 257
322 324
329 330
382 384
407 409
457 457
120 10
3 6
30 30
61 61
99 102
113 113
114 115
129 130
163 165
188 189
225 225
812 15
66 66
285 285
472 473
732 733
866 866
1036 1038
1053 1053
1146 1146
1163 1163
1206 1206
1214 1231
1359 1359
1454 1455
1491 1491
1622 1622
673 13
38 40
123 126
156 156
255 256
460 461
489 489
645 645
676 676
686 687
802 806
980 982
1196 1197
1255 1255
701 17
42 45
61 63
96 96
175 175
255 255
362 364
398 398
550 551
595 627
637 637
714 715
867 868
895 898
974 977
982 984
1208 1209
1214 1214
345 15
9 10
38 38
146 148
193 197
260 267
276 276
287 287
309 310
367 369
417 418
433 433
545 548
566 566
608 608
618 618
138 14
6 6
11 12
49 49
73 73
103 103
106 106
149 149
176 176
189 190
201 201
212 213
224 224
252 254
273 274
332 15
7 8
14 14
115 116
174 175
227 227
268 271
286 286
363 365
399 399
439 439
486 486
498 512
524 528
611 611
661 661
201 16
11 13
45 45
57 57
60 61
71 71
81 81
119 124
188 189
218 223
233 234
257 259
278 279
293 297
335 335
354 354
395 399
192 13
10 12
23 23
40 41
85 86
122 123
178 181
182 183
201 201
252 255
318 318
322 324
362 362
371 372
587 11
26 26
86 86
132 134
263 266
442 443
505 506
618 619
706 708
874 874
893 909
1075 1075
794 12
27 28
182 184
269 272
316 316
407 407
626 626
845 847
1044 1045
1066 1066
1197 1197
1334 1334
1406 1411
881 10
31 32
236 237
462 462
571 571
845 845
917 918
1205 1205
1476 1478
1489 1489
1623 1623
161 11
7 8
46 50
94 94
129 130
157 157
174 175
227 227
235 235
270 270
275 277
314 315
703 11
46 79
162 162
276 279
369 370
457 461
588 588
686 686
769 770
924 927
1118 1120
1300 1301
694 9
68 69
204 204
353 354
441 445
633 633
726 728
890 890
1075 1076
1239 1264
286 11
28 28
106 106
140 143
231 233
253 254
292 294
300 300
376 376
422 422
425 425
514 514
715 14
36 38
92 93
154 155
173 173
293 293
337 338
430 431
532 535
580 582
758 759
826 827
1044 1044
1263 1266
1348 1348
285 13
7 7
82 84
178 178
237 238
256 258
300 301
353 353
445 446
455 455
506 507
520 520
528 528
556 556
730 13
68 72
186 188
403 403
560 561
586 587
647 650
752 752
962 963
1104 1107
1162 1164
1231 1232
1384 1384
1405 1405
15 12
1 2
5 6
8 9
10 10
12 14
16 16
17 19
22 22
23 23
24 24
28 28
29 29
713 12
25 28
128 130
199 199
262 262
352 354
533 533
759 762
900 901
1137 1137
1320 1320
1385 1385
1424 1424
448 14
3 3
135 137
163 163
196 196
310 311
413 427
434 438
454 455
477 477
576 576
657 658
725 725
803 803
866 867
955 12
44 47
347 347
414 417
686 686
836 837
940 941
997 997
1174 1174
1197 1198
1412 1413
1594 1595
1862 1862
134 11
3 5
26 28
33 34
65 66
91 91
100 100
139 140
164 166
192 193
232 234
267 267
266 11
22 22
37 38
118 118
188 190
204 205
214 218
287 287
315 316
382 382
458 459
496 496
515 13
16 17
111 112
236 236
302 302
305 309
407 410
430 432
566 569
580 581
583 584
749 749
827 829
969 973
299 13
17 19
86 88
169 171
229 229
294 296
317 319
352 352
407 411
416 417
469 469
481 481
531 532
567 569
882 10
62 83
282 282
530 530
743 743
832 833
958 959
1092 1094
1310 1312
1534 1535
1646 1649
743 14
55 55
89 89
148 148
175 175
298 304
407 408
622 622
732 732
771 774
863 863
1052 1055
1269 1269
1337 1339
1385 1385
229 11
22 22
72 72
110 114
178 178
233 233
259 260
314 318
355 356
400 400
402 412
457 457
563 12
41 42
68 69
139 140
246 246
312 313
457 461
476 477
581 582
761 762
888 889
984 987
1049 1049
787 11
24 28
259 260
290 292
362 363
525 528
774 774
805 807
923 923
1012 1012
1128 1129
1387 1389
345 18
1 1
107 107
118 119
155 157
192 195
198 198
243 243
276 280
348 348
360 360
399 399
434 434
481 481
499 500
593 594
607 609
645 645
660 662
873 9
17 19
227 227
516 518
720 720
944 944
1205 1205
1329 1330
1471 1471
1600 1602
278 11
16 16
107 107
116 120
167 167
247 248
283 283
358 358
420 425
472 472
492 493
545 545
312 11
22 26
28 28
111 111
207 207
266 266
334 335
383 384
462 462
475 475
558 558
564 564
530 10
49 51
121 123
245 246
406 406
553 553
564 566
675 677
742 742
900 901
998 999
461 13
45 45
60 62
92 93
233 236
324 346
378 378
475 477
522 524
583 583
669 671
734 737
858 859
909 910
565 15
8 11
80 80
84 85
113 113
160 161
332 334
374 374
440 440
542 543
610 610
750 751
792 793
881 882
902 919
1062 1062
609 13
2 3
113 113
246 247
427 427
491 492
523 523
615 615
780 780
913 913
919 920
992 995
1038 1039
1183 1185
557 13
41 43
150 151
330 332
432 433
505 505
594 594
754 754
841 841
907 908
1007 1008
1012 1012
1077 1077
1096 1097
449 13
16 17
159 160
211 211
251 251
259 262
360 362
398 399
484 484
582 582
634 637
729 730
788 788
878 880
536 9
53 53
172 172
332 332
490 491
576 576
657 657
819 819
931 935
998 999
529 13
26 26
125 129
164 168
234 234
265 266
436 437
506 506
572 573
679 680
783 784
810 811
859 859
976 977
229 13
13 17
61 61
71 71
126 126
149 150
216 218
236 237
246 246
305 305
324 325
331 331
404 404
456 457
284 15
12 12
83 83
138 139
159 161
170 172
226 228
232 232
237 237
250 251
309 309
391 393
403 403
473 474
539 539
560 561
159 14
15 16
54 54
75 78
102 103
142 142
161 166
182 183
219 219
224 225
243 243
252 253
269 269
287 290
294 298
816 12
27 27
189 190
455 455
682 684
704 704
837 837
1107 1107
1209 1209
1276 1276
1413 1413
1442 1443
1615 1617
957 11
82 82
333 333
463 463
468 468
737 737
983 984
1132 1133
1393 1394
1595 1595
1695 1696
1793 1797
988 8
75 77
320 320
570 570
891 894
1032 1032
1248 1249
1561 1564
1872 1876
628 9
31 32
205 207
352 377
479 481
547 547
677 677
795 795
926 926
1106 1108
650 13
19 20
34 34
126 126
319 319
398 398
482 483
634 634
661 661
833 833
866 884
989 991
1051 1051
1245 1268
310 13
13 15
75 75
128 128
208 208
240 243
292 292
320 322
323 325
382 383
470 470
518 520
564 567
608 608
671 16
38 40
150 150
343 343
373 374
530 532
644 644
658 658
709 709
765 765
874 874
891 891
900 902
988 988
1132 1133
1185 1186
1335 1337
197 14
7 7
38 41
46 47
100 100
124 124
148 148
171 171
179 181
200 200
230 230
275 275
332 332
356 356
382 382
985 12
96 97
227 230
358 358
487 499
666 667
900 942
1034 1037
1083 1083
1334 1334
1644 1644
1767 1767
1909 1911
782 11
48 49
236 237
440 440
630 630
717 717
804 806
884 884
925 927
1048 1050
1212 1213
1456 1456
167 18
12 12
22 24
29 30
61 61
64 65
107 109
133 135
179 181
189 190
193 193
197 198
219 222
238 238
253 253
266 266
281 283
301 301
316 316
532 14
33 36
149 152
199 201
252 252
323 323
360 360
366 366
459 459
538 539
713 714
737 739
907 908
951 951
1007 1008
47 12
1 2
11 11
19 19
30 34
45 46
48 49
56 56
58 60
61 62
66 67
81 82
90 90
176 11
10 10
38 40
54 55
105 109
141 143
185 186
207 207
214 215
249 253
298 299
328 328
258 12
2 3
14 14
19 22
95 97
164 165
216 216
282 285
307 309
316 318
364 364
447 451
490 490
209 11
6 6
12 14
58 59
121 121
129 131
152 153
205 205
218 218
261 261
329 329
384 385
575 13
20 21
173 174
347 347
435 435
533 537
587 590
706 709
803 803
825 825
850 853
889 890
937 940
1074 1074
208 11
19 20
70 71
94 96
120 120
128 128
158 159
219 219
269 269
305 306
349 349
371 373
914 11
79 82
341 341
416 416
516 516
749 750
803 803
921 921
1113 1115
1259 1259
1458 1461
1616 1618
406 12
21 30
75 75
122 122
240 240
322 323
444 446
565 566
667 668
711 711
774 774
790 791
799 800
624 16
39 42
96 96
177 179
278 279
282 284
374 375
435 435
534 535
560 560
647 647
687 687
880 880
977 978
1117 1121
1192 1192
1233 1233
132 8
8 9
37 37
76 78
117 117
145 145
161 164
202 202
244 244
490 14
37 37
130 131
203 205
222 223
231 234
285 286
339 339
417 417
503 503
532 533
560 562
710 713
785 785
881 883
431 13
28 30
83 83
121 121
127 128
245 248
273 273
408 408
449 449
510 512
619 629
642 645
679 683
777 777
130 11
4 4
32 32
56 56
75 75
116 116
121 125
132 132
141 144
186 189
205 208
239 241
129 11
2 3
10 10
17 17
59 59
60 63
79 79
111 111
136 138
164 164
203 203
243 246
285 9
28 29
86 86
121 122
213 214
252 253
302 305
391 394
482 485
547 557
323 14
2 2
66 66
100 101
119 119
178 178
239 243
285 287
304 304
336 344
424 424
461 461
554 554
627 627
640 642
644 11
58 58
194 196
370 370
414 414
621 621
684 696
738 739
798 798
927 929
1074 1075
1233 1233
841 12
32 32
62 62
207 210
434 434
544 546
766 767
907 907
1023 1023
1211 1211
1376 1376
1508 1508
1563 1563
329 12
17 26
53 53
138 138
197 197
214 215
298 298
357 358
371 371
434 434
457 459
550 554
636 639
576 11
27 27
188 188
297 297
372 374
485 485
537 539
615 616
747 750
834 834
1007 1007
1151 1151
475 13
17 20
93 93
198 201
209 210
354 355
415 415
479 481
503 503
620 620
777 777
788 788
800 802
893 893
491 11
40 41
85 87
222 223
378 378
434 435
512 514
665 665
730 731
769 769
791 792
844 844
998 11
80 80
278 279
361 361
472 472
632 646
973 974
1009 1009
1128 1128
1413 1413
1721 1722
1944 1944
25 15
1 1
6 8
11 12
15 15
16 16
17 17
20 22
26 26
28 28
34 34
38 38
43 44
46 46
48 48
49 49
96 10
9 11
18 18
36 37
46 49
77 79
105 106
109 109
128 128
157 158
175 175
334 11
10 11
62 62
156 159
266 266
337 337
407 409
444 444
472 473
564 565
632 632
657 658
100 10
4 4
8 11
30 30
37 37
68 68
98 98
104 104
126 127
159 161
185 187
876 12
57 58
241 243
361 363
418 419
458 458
711 711
768 769
921 921
1093 1093
1235 1237
1304 1305
1526 1528
757 18
32 35
43 45
76 77
84 84
168 172
342 342
418 418
462 463
566 569
818 818
963 963
1202 1202
1218 1218
1228 1229
1275 1278
1437 1439
1444 1445
1506 1507
875 14
8 8
271 272
351 351
393 393
483 483
716 717
737 737
869 873
900 900
1111 1113
1332 1333
1506 1506
1547 1550
1633 1633
531 13
50 51
120 122
246 247
364 366
463 463
566 567
635 635
703 706
748 749
875 875
999 999
1038 1038
1053 1053
489 15
36 39
46 46
60 63
117 119
232 232
314 316
416 416
475 478
512 513
625 627
675 675
760 761
779 783
865 866
904 927
127 12
9 10
25 27
61 62
76 76
85 88
116 118
121 121
123 123
131 132
165 167
195 197
228 228
635 13
4 8
151 154
200 200
217 217
289 290
393 397
528 529
660 660
779 779
966 968
1003 1007
1014 1017
1181 1181
799 13
3 7
232 234
240 274
436 439
466 469
519 520
584 584
590 625
844 845
866 866
1131 1135
1346 1347
1588 1590
768 13
5 30
169 172
406 406
450 451
599 600
729 729
844 847
914 915
1102 1102
1143 1145
1245 1245
1311 1311
1525 1525
979 16
20 20
142 142
183 183
203 203
226 227
303 303
329 331
651 651
926 929
1025 1028
1291 1292
1459 1459
1782 1785
1793 1795
1846 1846
1847 1847
571 11
20 22
140 140
306 307
472 473
604 604
698 701
726 728
768 768
864 864
949 950
1093 1093
734 15
62 64
97 99
187 189
302 302
316 318
502 504
555 555
765 766
832 832
1030 1031
1141 1171
1195 1197
1223 1223
1333 1333
1363 1366
540 14
43 43
99 100
184 186
251 252
260 261
385 404
542 542
587 588
655 656
675 677
772 774
823 823
924 926
1011 1014
612 12
51 53
157 176
247 258
416 416
474 477
566 575
614 614
658 659
857 860
936 937
1097 1097
1199 1199
696 13
51 51
156 157
388 391
447 449
592 594
735 735
800 804
882 883
995 997
1080 1081
1092 1093
1221 1222
1263 1264
927 9
43 43
242 245
499 500
697 697
954 954
1222 1224
1245 1245
1411 1411
1588 1589
454 13
16 16
25 25
139 139
211 215
269 270
313 313
441 443
479 480
493 494
602 605
658 658
745 748
794 801
980 16
63 63
266 267
268 268
402 407
500 502
732 735
892 892
920 921
1051 1051
1073 1076
1359 1359
1361 1364
1539 1539
1622 1623
1661 1662
1934 1934
953 13
52 52
55 58
374 385
413 416
629 629
743 743
1023 1025
1154 1155
1354 1355
1487 1488
1625 1627
1769 1770
1867 1867
233 11
9 10
39 39
68 69
102 103
152 152
172 175
231 232
245 246
283 284
346 347
422 422
72 11
1 1
17 18
28 28
39 39
53 54
66 69
78 79
89 89
95 97
109 112
135 135
63 15
4 5
9 10
23 23
31 31
43 44
50 51
65 65
73 74
78 78
79 80
87 87
92 92
98 101
110 111
114 114
436 11
14 16
142 142
270 270
289 290
353 353
453 453
474 476
548 549
660 661
694 694
806 809
239 11
15 19
70 72
145 145
152 154
214 214
251 251
310 311
380 380
397 398
435 435
465 467
697 13
39 39
136 136
216 218
378 379
383 412
496 496
662 662
704 707
749 749
874 876
1096 1096
1262 1265
1365 1365
652 14
6 7
173 173
208 210
256 256
293 294
472 472
491 494
714 714
724 727
784 785
829 829
965 967
1132 1134
1257 1272
935 10
28 28
320 320
482 482
716 716
926 927
941 942
1106 1108
1340 1341
1546 1546
1748 1748
226 16
19 20
21 21
73 73
112 113
156 156
162 162
186 189
228 229
238 239
241 241
286 287
292 292
332 335
367 368
441 441
442 442
958 13
45 45
331 335
415 415
487 489
589 589
901 901
963 965
1105 1105
1180 1180
1213 1215
1437 1440
1599 1600
1801 1802
368 16
19 20
55 55
85 85
149 149
160 163
164 165
182 185
289 293
343 344
382 382
496 497
509 509
536 538
607 609
620 622
668 668
114 12
6 6
12 13
27 27
44 45
69 71
99 101
106 106
123 126
149 149
178 178
193 194
203 203
640 16
6 6
21 21
90 94
123 124
270 271
382 382
509 511
586 589
612 615
670 671
688 690
827 828
844 845
894 894
955 956
1099 1099
250 17
1 1
21 21
25 25
55 56
74 74
127 129
135 135
194 194
234 235
263 265
281 281
295 295
322 322
354 354
382 382
420 421
481 485
741 14
66 67
164 164
183 184
237 239
448 448
613 616
713 716
773 773
848 849
976 976
1128 1128
1183 1186
1286 1287
1303 1304
728 12
50 51
186 186
416 417
429 430
625 628
768 769
804 804
916 920
1009 1011
1105 1106
1159 1162
1310 1312
648 11
54 55
169 169
253 255
429 429
560 560
600 600
680 680
853 854
912 912
934 935
1090 1093
825 13
29 30
168 168
245 245
390 392
607 607
684 684
888 888
918 920
1083 1083
1240 1240
1417 1417
1552 1554
1641 1642
927 14
90 90
158 159
333 334
484 484
494 494
710 713
726 730
941 941
1138 1138
1248 1250
1267 1268
1546 1546
1551 1551
1793 1794
113 12
7 9
43 43
47 47
70 73
79 80
88 90
97 98
109 109
117 119
155 155
187 190
223 224
545 11
50 54
176 176
177 178
224 225
279 283
461 462
498 498
581 582
739 742
882 886
1061 1064
296 14
16 16
65 65
144 144
172 172
229 229
274 275
301 302
345 345
430 433
519 519
520 520
532 532
540 541
585 587
934 17
46 46
256 256
316 317
488 488
494 494
570 572
681 681
764 766
779 781
932 933
992 992
1140 1140
1302 1302
1432 1432
1564 1568
1822 1823
1863 1863
668 12
31 31
94 97
125 125
271 273
437 438
647 647
698 699
839 839
875 875
952 952
1150 1163
1276 1278
110 12
1 2
3 4
35 35
49 51
64 66
101 102
117 118
142 142
146 146
170 170
184 185
212 213
911 16
85 88
279 279
412 412
625 626
679 679
781 784
884 885
941 941
1084 1084
1143 1143
1223 1227
1427 1430
1488 1489
1521 1521
1609 1610
1682 1685
611 11
23 23
164 166
257 258
449 450
453 453
531 531
665 681
804 804
930 932
1042 1045
1194 1195
533 14
3 4
54 54
83 84
192 194
259 260
284 284
356 357
474 474
512 512
560 560
690 693
826 826
926 926
1032 1032
555 12
28 28
96 96
171 172
302 302
442 442
523 523
575 578
712 716
737 740
874 874
968 969
1087 1089
707 11
37 37
173 173
335 335
491 493
616 617
730 731
840 842
862 864
1054 1056
1232 1233
1328 1329
497 12
29 30
190 193
232 232
297 299
409 412
501 502
591 592
707 707
746 747
765 769
914 916
960 962
321 10
18 18
102 104
115 116
209 210
315 315
353 354
396 396
491 491
506 506
567 571
469 15
34 34
74 74
177 179
246 248
258 258
313 313
417 417
497 498
582 584
615 617
626 626
777 777
782 783
812 813
889 891
157 14
8 8
33 34
35 37
53 53
63 64
75 76
91 92
132 132
162 165
195 197
225 225
240 240
261 261
296 299
155 12
15 15
33 36
66 67
102 102
141 141
165 165
171 172
197 197
244 245
255 255
262 262
270 274
668 14
48 50
152 152
372 375
452 455
568 570
686 688
811 811
897 897
965 965
990 1000
1188 1188
1190 1191
1202 1202
1315 1315
572 10
37 37
211 211
219 219
349 352
433 433
581 582
724 724
875 875
883 884
1028 1029
658 10
55 55
163 164
377 377
574 576
604 605
691 691
837 860
925 925
1108 1109
1223 1224
528 13
29 32
170 170
295 295
322 322
342 343
465 465
503 505
525 526
573 573
633 633
800 802
944 946
1019 1019
491 12
10 10
57 57
123 124
285 303
381 382
517 517
609 611
671 671
788 789
862 862
949 950
951 951
228 12
21 21
26 27
56 56
66 67
93 93
149 149
206 206
248 250
287 288
358 358
390 390
453 454
696 14
40 40
204 205
235 235
330 331
346 346
357 357
424 424
610 611
760 762
785 785
875 875
1077 1077
1170 1171
1268 1269
611 14
56 56
116 116
139 141
275 275
307 309
373 375
574 576
608 609
641 641
662 662
760 760
838 839
938 938
1107 1108
684 10
51 52
91 93
177 178
405 405
575 576
659 659
732 734
879 879
1061 1061
1178 1179
889 11
36 36
182 182
297 298
399 406
619 620
689 689
888 888
940 942
1207 1209
1284 1284
1552 1552
494 11
25 47
129 129
265 281
348 348
482 482
534 534
639 639
743 743
764 764
821 822
979 981
740 11
33 34
70 84
259 261
448 448
497 498
644 644
754 767
875 875
1096 1098
1188 1191
1426 1427
802 11
49 49
289 289
478 478
742 743
812 813
890 890
1076 1076
1256 1259
1429 1431
1437 1437
1488 1489
239 11
19 20
66 68
73 74
124 126
171 175
253 254
313 313
327 329
369 370
442 443
475 475
411 13
33 34
159 159
217 218
342 342
364 364
427 427
477 477
511 511
528 528
655 655
767 769
772 774
805 805
44 10
2 3
4 7
8 8
19 21
34 34
39 39
48 48
61 61
72 72
77 78
601 13
25 25
45 49
73 73
181 184
326 326
363 366
526 526
609 610
749 749
910 914
1030 1030
1111 1112
1182 1185
988 12
48 51
368 368
380 380
507 509
731 731
774 774
944 944
1009 1009
1271 1271
1425 1427
1728 1730
1909 1910
11 10
1 1
3 3
4 5
6 8
9 10
12 15
16 16
17 17
19 19
21 21
924 13
66 66
112 112
260 261
488 488
606 607
745 746
890 891
987 987
1222 1224
1248 1248
1525 1525
1589 1589
1803 1805
625 12
30 30
46 46
186 187
298 301
494 496
523 525
674 675
756 757
927 928
977 977
999 1000
1190 1191
272 11
2 3
55 56
83 83
113 113
157 161
248 249
294 295
336 336
395 397
440 440
528 528
370 13
10 14
126 127
160 160
201 201
210 211
238 240
306 306
400 400
418 418
468 484
560 561
621 636
706 706
15 8
1 1
3 6
10 10
11 11
16 17
21 23
27 27
29 29
720 12
10 10
107 107
181 181
417 417
621 623
778 779
910 910
963 966
1050 1052
1151 1153
1326 1326
1367 1368
927 12
40 40
287 288
465 467
731 735
847 881
958 960
993 994
1148 1151
1323 1326
1335 1338
1406 1406
1605 1606
715 11
49 50
256 256
319 322
548 549
663 663
723 725
766 766
859 860
1079 1079
1291 1291
1414 1415
449 16
16 16
43 44
122 122
150 151
225 227
306 306
342 343
423 425
435 435
479 480
481 482
511 511
602 602
638 642
721 722
825 825
870 10
42 42
288 288
568 568
728 733
891 894
1146 1147
1180 1180
1456 1456
1479 1481
1693 1697
273 12
19 21
64 66
139 139
194 195
285 287
319 319
357 357
395 398
419 419
426 428
465 465
541 542
707 11
56 60
141 142
298 327
498 498
694 694
699 699
754 754
969 969
1179 1179
1242 1242
1271 1272
873 9
77 77
345 345
508 508
748 749
884 886
1079 1079
1343 1343
1547 1550
1740 1740
630 14
28 29
206 206
255 255
361 361
455 456
636 648
682 682
719 719
787 787
808 808
870 870
1064 1064
1115 1116
1150 1150
35 11
3 3
4 5
12 14
23 24
25 25
30 33
37 39
49 49
59 59
64 64
68 68
681 13
51 76
239 239
383 384
509 513
678 678
738 740
746 749
913 913
977 979
1024 1027
1045 1047
1070 1071
1289 1290
964 12
82 82
123 123
212 212
528 528
560 560
805 805
1023 1023
1165 1166
1208 1208
1298 1298
1594 1594
1886 1887
508 10
8 10
136 136
296 297
426 426
503 503
529 532
680 684
758 759
889 891
1010 1011
606 10
18 18
27 30
214 214
364 366
537 537
625 625
688 690
840 840
1013 1013
1024 1026
250 12
11 11
60 60
91 93
153 153
219 222
227 227
269 271
350 351
369 369
372 372
429 429
495 496
725 13
27 30
190 190
426 427
626 629
701 701
737 772
791 794
941 942
967 967
1083 1084
1113 1115
1249 1252
1401 1401
471 11
15 15
137 138
144 146
245 246
286 289
307 309
414 418
507 507
606 606
703 703
843 843
701 11
61 62
165 165
267 270
369 369
552 553
691 691
753 753
969 998
1049 1051
1155 1155
1360 1360
54 12
4 7
12 16
22 23
40 41
44 44
56 56
66 66
76 76
86 86
89 89
105 106
107 107
801 14
7 7
183 183
254 254
303 303
465 468
479 481
676 676
730 732
830 830
992 993
1105 1105
1196 1196
1349 1350
1592 1593
665 11
31 31
215 217
280 284
427 428
627 627
642 643
697 697
806 807
999 999
1143 1145
1320 1322
294 13
6 8
76 78
90 96
128 130
143 143
235 235
312 314
320 322
389 389
474 474
475 476
536 536
584 584
198 14
15 15
50 53
77 79
99 99
109 112
133 133
170 170
199 200
202 205
230 233
272 272
320 323
337 338
382 382
749 12
25 25
154 155
215 215
271 272
508 508
692 694
816 816
932 932
977 977
1198 1201
1331 1331
1346 1346
821 11
71 72
293 294
432 434
538 538
591 591
760 760
874 876
1022 1022
1149 1149
1394 1394
1599 1599
515 12
35 36
151 151
318 319
474 476
478 478
483 484
556 557
680 681
797 797
928 929
944 944
1019 1019
480 12
36 39
49 66
115 115
192 194
258 259
330 332
473 475
523 525
634 637
753 754
780 781
940 940
96 16
7 8
15 18
37 39
59 59
78 78
94 95
101 101
114 114
121 121
127 127
135 135
149 149
154 155
175 175
179 180
187 187
860 12
78 78
248 252
350 351
408 410
548 548
806 807
910 910
1073 1073
1206 1207
1289 1289
1486 1486
1713 1713
273 10
10 11
50 51
135 136
222 223
294 294
322 322
339 343
428 428
435 438
471 471
912 12
8 9
28 30
78 78
177 177
436 436
646 646
943 944
1000 1001
1092 1092
1249 1249
1485 1486
1711 1714
751 14
21 21
195 199
284 284
292 292
414 415
627 630
676 676
773 774
966 966
1017 1017
1036 1040
1143 1143
1346 1347
1434 1434
408 12
21 21
73 74
85 88
167 168
298 298
445 445
446 446
503 503
505 505
579 582
630 634
735 736
127 11
11 11
42 42
65 65
72 73
77 79
108 108
128 128
163 163
169 170
203 203
226 227
514 12
32 36
166 179
255 269
389 389
565 566
600 600
604 618
733 734
788 789
827 827
963 963
1007 1007
788 16
54 55
134 135
348 350
356 370
458 460
490 490
506 508
511 511
601 605
615 618
807 808
924 960
1214 1218
1362 1362
1375 1375
1522 1522
374 12
8 12
70 70
78 80
124 124
223 224
258 260
290 291
352 352
402 403
503 503
598 601
650 650
644 11
18 18
135 136
341 341
406 407
487 487
599 600
688 688
869 869
938 940
980 981
1190 1193
15 10
1 2
4 4
6 6
8 8
11 11
16 16
17 17
20 20
22 24
28 28
326 13
18 20
50 50
145 145
192 193
270 272
279 279
291 292
349 350
390 392
442 444
466 466
551 552
637 638
442 15
17 19
99 100
115 117
223 223
300 301
320 320
413 414
452 452
486 489
574 575
666 666
697 698
815 819
843 843
882 882
655 14
59 59
115 116
258 261
295 296
337 339
555 555
563 566
667 667
871 871
1037 1037
1047 1047
1095 1096
1231 1231
1279 1279
162 9
9 9
53 53
105 105
127 130
174 174
211 211
248 249
250 254
296 301
311 9
18 18
81 82
129 131
220 228
283 286
339 339
426 426
528 529
556 556
370 10
15 28
77 77
133 141
226 228
318 318
361 362
400 400
454 457
572 572
637 638
212 11
21 21
25 25
83 83
135 136
167 167
176 176
204 204
233 236
279 279
333 333
380 380
706 11
59 59
110 111
203 203
266 267
362 366
576 577
721 725
921 921
1120 1120
1231 1231
1246 1246
328 12
10 11
78 78
88 89
110 110
179 179
283 284
334 337
390 393
479 481
530 531
597 597
615 617
892 12
13 16
196 198
293 293
337 337
539 539
633 633
835 836
943 965
1178 1179
1320 1321
1588 1588
1736 1738
220 11
15 15
30 30
37 37
101 101
161 164
193 193
226 226
285 285
350 351
378 379
407 407
653 14
3 28
185 186
272 272
355 357
519 519
636 641
655 655
780 780
829 831
966 968
997 998
1010 1039
1095 1095
1275 1277
75 11
3 4
6 8
13 13
19 19
39 42
65 65
77 80
83 83
88 88
106 106
126 129
120 13
8 9
20 21
37 37
48 50
56 56
65 65
94 96
124 124
162 163
191 191
225 226
230 234
237 237
773 11
75 78
177 177
358 360
493 494
646 648
788 788
821 822
1020 1021
1067 1068
1294 1297
1413 1415
354 15
20 20
35 35
92 92
190 192
228 228
277 277
344 348
387 387
431 431
473 473
544 545
577 579
585 585
587 589
632 632
373 12
10 10
91 91
114 125
181 183
210 210
262 278
302 302
403 403
476 476
563 565
639 641
672 672
900 16
37 37
104 104
131 133
363 363
474 474
564 564
699 700
725 727
807 811
983 983
1197 1197
1207 1207
1216 1216
1406 1407
1430 1430
1544 1544
795 13
23 23
214 215
285 285
446 446
702 702
737 737
869 870
1081 1081
1137 1139
1306 1306
1504 1504
1505 1509
1579 1580
71 10
4 4
23 23
39 42
44 44
57 57
74 74
82 84
105 106
127 127
134 137
749 12
58 58
284 284
449 449
551 551
678 681
720 720
773 773
910 910
957 958
1151 1152
1334 1336
1402 1404
888 12
62 63
331 331
456 456
496 496
547 547
636 679
865 865
930 930
1159 1162
1207 1207
1447 1450
1582 1583
398 9
25 25
111 111
129 130
241 241
341 345
401 401
531 531
647 651
696 697
89 11
4 5
21 27
48 48
67 67
73 76
92 92
108 109
120 124
145 145
165 168
169 169
569 10
7 8
193 193
258 259
342 342
477 478
609 609
764 764
795 795
971 972
1106 1126
939 14
88 91
376 376
467 468
776 786
807 809
816 818
906 906
1024 1024
1239 1240
1408 1409
1534 1536
1675 1678
1793 1803
1837 1838
152 10
7 7
52 52
55 55
95 98
145 145
157 158
189 189
209 212
240 240
274 274
884 14
38 38
218 235
306 307
487 487
541 542
698 698
720 722
912 914
954 983
1223 1225
1375 1377
1645 1645
1711 1711
1725 1725
327 11
12 12
80 80
159 159
187 187
214 224
342 343
394 396
403 403
500 500
560 560
609 610
253 10
16 17
18 19
102 105
149 149
200 204
275 278
315 315
345 345
428 428
456 456
319 13
24 24
49 52
54 55
158 160
170 176
182 182
208 211
309 310
329 331
422 422
473 474
578 579
610 612
86 13
7 7
30 30
37 37
53 53
75 75
77 79
90 92
95 96
105 105
106 106
125 126
150 150
155 155
802 12
1 1
261 261
372 372
610 610
749 749
840 841
934 934
1084 1086
1189 1189
1196 1196
1307 1322
1424 1426
817 13
78 78
269 269
399 399
410 411
417 417
443 443
562 562
752 752
853 854
975 976
1221 1221
1447 1447
1454 1456
315 15
16 16
57 59
63 64
111 111
130 132
183 185
282 284
341 342
421 422
450 450
472 472
483 485
558 558
604 605
629 629
483 12
7 7
101 103
140 142
178 179
279 279
415 435
490 491
544 547
586 586
628 629
768 768
871 873
529 13
27 27
188 188
228 229
357 358
390 390
416 416
467 470
556 556
653 653
664 665
761 762
867 868
969 969
367 12
24 26
91 91
139 142
185 185
281 283
306 308
403 404
452 452
474 475
577 580
661 663
733 733
681 12
3 3
116 117
188 188
304 304
504 504
641 655
686 689
861 861
910 910
1088 1107
1268 1268
1303 1304
878 9
43 46
307 307
545 545
835 836
916 953
1194 1195
1246 1248
1331 1331
1551 1553
417 14
15 16
60 62
125 125
199 199
219 220
250 252
255 255
357 357
389 389
447 448
510 510
570 574
632 634
769 782
603 11
37 39
73 77
111 111
274 275
425 425
565 566
606 607
747 748
808 810
1004 1005
1186 1186
514 14
43 44
77 77
209 209
313 315
383 384
414 414
424 425
438 438
538 538
593 593
635 636
805 807
900 900
955 956
478 12
14 14
133 134
224 226
353 353
418 418
433 434
524 524
602 603
761 761
769 769
887 887
939 942
858 14
4 5
120 121
291 292
462 462
611 611
625 625
681 681
691 693
878 882
992 993
1177 1177
1290 1290
1356 1358
1536 1538
