44 10 19 10 49
42 30 40 42 47
47 4 21 3 16
26 16 24 21 8
1 18 36 47 17
9 41 31 4 11
1 41 22 48 2
48 9 33 17 25
36 27 1 5 4
28 42 40 24 6
39 20 11 50 38
39 21 41 16 16
29 10 50 37 34
36 36 38 33 45
16 41 17 6 41
22 30 31 10 20
27 6 41 29 48
41 26 20 47 37
3 8 14 48 29
23 39 19 24 30
12 29 13 23 7
17 25 20 30 3
15 26 24 9 3
29 40 14 24 44
1 23 45 47 8
30 21 30 2 37
42 10 38 23 28
2 30 9 6 1
41 34 3 17 40
17 22 3 28 27
8 13 30 21 29
28 25 28 9 16
31 10 29 26 31
44 22 46 5 22
43 11 29 44 46
16 44 14 26 8
44 10 50 42 5
29 46 14 25 15
8 1 25 10 26
9 34 45 47 39
36 3 39 8 11
9 45 12 47 14
38 37 1 14 40
13 19 29 34 21
47 13 34 44 30
4 41 26 6 34
50 30 46 33 21
17 37 38 33 46
34 19 36 23 50
42 8 33 29 30
10 27 22 20 14
34 43 29 36 19
48 15 34 21 11
13 1 39 45 40
12 41 48 24 44
40 18 23 43 34
34 11 3 48 44
34 47 35 8 22
46 44 47 37 9
25 46 45 42 48
42 12 14 46 31
18 3 9 45 36
14 27 9 18 28
17 5 8 25 37
31 49 29 4 19
40 3 48 7 23
26 8 6 28 31
7 14 42 15 22
28 22 14 15 8
9 4 4 7 42
31 50 41 11 38
3 9 28 45 25
34 32 11 25 12
18 45 43 16 8
20 2 18 28 1
6 48 17 46 33
16 1 41 26 5
14 19 10 37 43
40 23 29 49 14
40 34 37 50 29
50 18 42 46 16
33 44 45 19 32
32 9 12 37 11
3 31 22 22 14
14 15 45 43 18
24 27 30 35 26
35 32 23 36 17
2 48 18 18 28
29 34 46 2 43
40 11 17 46 40
25 29 47 39 31
27 25 17 16 5
21 14 35 17 27
15 47 35 34 16
33 17 22 1 33
12 9 17 20 30
50 19 26 50 21
10 50 16 4 38
33 7 38 36 20
4 30 34 32 28
30 13 30 25 29
21 19 3 19 6
27 46 28 21 19
20 36 23 38 47
37 40 5 13 28
48 6 36 2 15
22 2 33 16 26
29 50 41 35 29
32 26 7 49 24
12 2 33 9 47
32 48 30 49 18
12 33 10 26 8
23 36 16 26 38
48 32 42 2 14
36 18 18 7 10
45 9 47 41 4
6 2 40 12 25
29 15 9 42 21
13 23 15 17 36
19 33 13 4 20
37 24 12 16 1
6 30 3 24 17
6 16 20 38 32
13 44 9 23 18
10 41 18 1 40
34 7 49 31 44
44 1 7 37 25
42 23 6 32 29
8 19 18 11 40
25 12 37 25 11
11 37 35 8 27
39 10 44 36 34
4 26 3 47 12
31 3 8 40 46
20 33 1 32 19
36 45 15 29 14
5 2 2 31 29
29 15 44 28 26
9 11 25 29 11
25 19 25 32 2
13 23 20 9 29
45 18 45 33 21
41 44 29 36 33
31 49 40 4 16
48 46 10 24 36
23 8 33 21 30
47 27 14 7 28
18 41 5 35 22
37 12 44 13 5
49 37 42 36 38
41 5 16 14 17
4 48 20 10 3
2 4 5 9 36
9 36 44 45 35
46 47 9 9 48
23 23 40 39 25
47 12 13 22 38
7 46 3 2 4
21 4 24 48 44
41 9 4 28 46
39 19 20 13 12
26 41 21 18 7
18 43 5 33 20
14 8 1 35 43
25 48 23 8 21
49 5 15 21 9
40 21 31 31 41
12 43 5 7 13
20 15 47 8 48
12 45 47 6 44
26 10 42 10 44
22 45 24 33 16
15 2 18 12 17
3 29 28 28 14
21 37 27 27 45
39 44 6 31 32
17 33 20 41 44
38 29 37 49 24
18 6 6 15 9
23 34 17 39 47
18 22 25 23 37
49 42 40 30 39
48 32 38 1 27
45 32 24 44 32
24 48 2 39 28
24 30 3 37 18
24 12 33 2 25
34 43 28 18 36
6 47 50 14 24
16 29 47 46 27
36 26 1 42 18
15 14 48 48 9
23 46 28 36 27
22 24 41 39 11
31 19 25 21 14
30 44 2 12 33
14 36 24 10 9
40 28 27 35 16
11 11 39 16 21
13 24 36 19 7
19 24 19 32 8
15 8 23 25 37
46 15 16 36 10
49 29 49 12 6
48 31 9 2 9
45 18 19 16 32
12 40 1 42 10
27 45 23 9 32
14 26 24 43 50
44 30 34 23 46
4 10 47 4 20
29 18 22 25 45
11 5 25 33 49
49 5 50 18 25
28 34 8 47 34
12 23 6 39 43
21 42 47 24 24
19 49 44 44 9
34 39 38 48 47
47 32 49 27 9
14 42 37 42 29
44 40 17 44 36
20 27 8 15 42
39 25 5 15 4
10 18 27 30 20
37 30 23 41 24
14 16 14 8 32
12 34 40 4 6
23 13 2 43 50
38 35 13 47 49
10 19 10 13 30
49 17 23 31 7
26 40 6 20 35
48 43 33 45 37
33 34 42 50 27
24 27 19 49 11
38 7 32 36 43
28 19 26 22 7
3 49 18 37 19
27 22 47 13 5
32 16 1 36 2
36 6 37 22 19
45 21 17 12 49
24 8 28 45 39
35 41 45 19 29
11 37 33 10 44
17 8 1 35 46
44 40 40 8 34
41 2 14 45 44
17 13 37 29 35
6 16 24 18 36
14 30 38 18 27
29 10 5 15 23
22 5 14 19 16
29 6 41 13 39
29 26 34 7 19
23 31 10 33 7
26 41 4 24 46
2 20 8 6 47
27 37 4 18 27
44 22 34 42 45
10 20 47 5 41
49 12 27 42 35
2 37 30 31 16
19 41 8 48 15
16 9 2 5 31
23 25 14 22 27
26 26 29 16 21
14 28 25 10 47
38 49 1 38 3
42 37 37 34 16
13 6 41 41 33
50 4 3 20 12
4 11 48 18 50
21 1 41 4 49
34 44 8 38 10
19 7 6 25 49
34 14 23 3 5
38 40 18 1 48
42 44 27 21 25
22 10 1 21 47
41 12 11 19 28
6 32 43 32 23
45 33 19 2 10
23 32 12 6 36
41 3 15 37 2
12 32 4 14 45
49 1 21 9 42
29 21 24 19 27
33 11 28 20 21
24 14 48 4 10
31 21 45 44 36
47 14 1 6 48
25 30 35 32 13
50 23 40 20 42
36 30 8 18 25
48 30 15 6 27
19 8 22 1 4
35 28 5 21 38
18 20 2 12 7
50 43 3 14 5
40 36 39 20 28
48 12 10 32 44
46 43 38 26 36
7 29 5 5 9
21 28 3 4 40
35 10 1 22 28
14 41 49 17 17
17 48 11 4 3
36 23 12 42 1
25 49 19 10 19
46 27 41 7 11
19 2 26 32 7
43 1 4 16 19
10 4 20 17 23
11 36 15 29 32
47 31 1 48 17
9 23 17 30 29
28 15 49 27 41
24 23 12 36 40
23 38 47 44 49
4 38 10 44 46
49 12 27 35 22
27 42 16 46 47
22 48 28 7 32
12 12 1 49 16
7 36 45 37 49
39 21 44 2 40
47 25 1 1 18
34 49 15 10 36
44 46 28 33 26
44 48 24 48 23
49 40 27 11 12
16 18 12 21 6
32 7 2 9 6
33 15 14 41 25
34 9 46 44 36
19 33 5 20 43
28 11 13 41 1
7 25 37 17 14
1 18 30 32 44
37 9 46 18 33
19 47 14 30 16
14 26 4 39 40
17 32 16 12 19
5 19 43 25 17
11 47 38 9 2
19 27 43 6 34
10 44 25 24 8
49 2 43 30 32
12 21 49 4 6
49 30 37 1 5
16 7 12 41 50
35 11 39 17 28
10 21 20 5 32
13 31 32 30 28
33 44 4 35 17
38 31 35 18 44
26 13 22 12 23
17 28 14 30 33
15 42 41 21 48
18 37 38 13 16
38 23 35 34 44
19 28 28 20 13
4 20 15 48 3
48 11 44 21 5
21 23 37 25 15
9 15 42 41 18
39 37 8 36 29
42 37 14 3 8
24 16 37 37 14
13 15 23 18 36
34 32 1 43 27
44 28 24 28 10
18 23 12 18 45
46 11 47 3 8
46 45 42 33 45
10 18 37 17 29
34 32 11 18 47
35 41 34 38 5
23 18 24 22 8
9 45 12 14 21
41 32 38 13 29
32 2 29 7 46
8 5 23 50 8
32 45 7 49 23
47 3 36 46 33
44 14 33 24 40
15 11 30 14 31
18 45 41 12 39
13 46 6 50 16
33 41 8 40 41
29 9 24 26 15
34 46 33 37 29
17 11 1 15 12
15 18 37 15 41
31 50 21 40 31
37 12 17 38 11
29 6 49 29 26
32 13 6 7 46
34 34 46 17 32
36 42 13 33 31
21 39 12 15 35
25 14 30 21 49
24 7 15 23 6
29 5 7 32 46
12 8 2 12 48
11 31 16 22 17
11 27 46 12 11
19 44 6 9 14
35 45 2 48 24
45 8 25 1 12
20 35 12 41 46
29 24 23 49 12
43 11 32 28 26
27 20 12 22 23
45 47 43 50 32
4 1 35 42 2
45 12 49 14 25
45 10 22 33 26
24 16 32 36 41
45 16 15 26 27
49 27 6 22 49
2 30 36 29 4
15 23 31 10 14
36 12 49 37 50
33 4 45 29 22
34 24 21 46 14
9 45 18 1 34
31 40 1 44 11
49 8 41 7 9
14 40 10 4 47
45 29 27 5 45
20 14 3 47 9
18 12 4 42 37
46 39 48 16 5
44 49 50 6 36
36 18 24 6 43
50 32 46 43 9
7 12 22 41 19
41 29 1 50 33
48 42 17 36 13
33 43 11 37 40
32 4 36 32 29
32 8 19 12 35
46 38 28 5 17
31 49 1 39 24
5 7 12 43 7
47 7 3 12 48
12 42 17 26 10
6 3 31 41 36
23 3 25 47 37
6 8 21 14 24
19 39 39 14 23
9 36 45 4 37
5 32 2 29 7
50 11 24 50 50
23 4 26 15 17
7 37 23 33 14
1 26 33 15 37
31 7 37 38 40
32 38 25 11 3
21 26 33 40 14
26 32 40 25 37
8 35 34 15 41
3 39 32 17 17
7 42 28 42 21
38 27 29 1 27
40 47 42 47 32
5 29 1 23 14
26 48 9 5 22
28 33 46 46 20
35 18 46 2 34
34 43 25 37 15
28 46 17 25 8
35 42 22 23 43
14 5 20 19 14
29 43 40 49 25
40 9 17 47 36
3 14 43 44 43
14 37 36 24 14
31 2 21 17 42
18 12 13 5 12
37 27 17 8 7
30 42 10 5 17
4 46 50 31 3
20 47 4 8 45
24 49 2 50 43
8 30 22 7 50
5 42 42 14 33
32 7 37 38 4
3 18 40 50 19
44 32 45 10 37
50 24 25 19 23
29 16 49 8 23
6 29 7 2 36
41 34 10 33 25
1 16 50 12 32
36 10 46 12 15
47 31 40 5 15
40 33 43 27 34
27 13 49 25 41
34 8 12 2 5
46 28 21 46 48
21 49 2 50 10
30 35 41 39 44
48 16 36 44 16
2 45 45 36 2
32 20 47 50 12
30 35 38 47 47
35 6 17 34 45
18 34 13 7 36
20 34 9 13 9
48 44 32 29 29
22 36 7 14 17
20 45 31 17 3
23 17 14 27 13
2 22 5 36 37
35 27 25 13 47
45 24 26 8 22
25 22 27 22 20
19 26 30 34 29
44 33 49 10 35
27 39 18 25 24
15 48 12 9 29
46 37 7 29 6
9 36 20 49 21
35 34 5 42 38
31 14 49 29 38
8 38 8 9 41
26 33 50 2 11
35 33 11 11 8
38 9 50 22 24
3 37 30 26 12
14 49 13 39 44
32 44 3 7 46
35 19 7 2 33
5 40 34 11 31
41 9 13 44 37
9 35 44 42 9
40 23 19 45 15
45 44 45 22 35
43 25 26 41 26
6 6 29 6 23
28 21 19 5 15
32 34 31 6 49
43 38 15 18 14
44 26 22 38 7
38 33 29 42 13
35 16 30 26 19
4 40 25 32 46
43 27 3 36 29
46 38 31 29 33
6 9 37 23 41
9 18 34 16 19
29 14 15 2 43
30 20 20 24 41
50 21 28 21 37
35 1 3 22 32
9 28 3 5 25
27 22 32 21 27
11 5 2 3 47
20 3 41 7 37
23 23 38 1 17
25 22 32 27 16
39 27 36 35 8
4 38 37 11 37
11 4 17 37 49
34 6 29 25 36
10 24 5 24 15
5 33 25 36 29
10 44 15 14 42
45 31 50 6 15
17 15 38 16 23
27 27 43 20 17
4 43 11 8 40
12 22 19 7 17
2 11 31 13 38
44 36 15 25 33
32 20 22 2 16
19 24 29 19 14
36 40 29 24 5
15 29 46 1 2
21 35 24 19 37
50 21 39 6 19
8 27 25 25 37
18 48 38 37 40
32 36 13 10 9
29 4 36 9 13
18 27 7 22 35
34 15 44 32 12
27 3 21 4 6
2 29 34 28 27
45 36 19 35 27
45 41 12 49 22
3 47 37 17 43
14 42 19 40 41
1 29 20 21 43
9 9 24 50 22
5 28 35 7 1
4 39 36 3 17
49 30 21 44 18
12 30 36 33 41
20 44 48 23 41
50 14 5 17 5
31 14 36 3 37
41 14 25 27 47
50 16 39 12 33
9 42 3 31 50
38 44 30 34 34
21 9 23 14 16
5 1 10 22 37
22 40 20 48 29
31 31 37 44 22
2 27 50 49 20
33 30 11 25 40
29 35 20 41 50
17 43 21 36 25
34 34 1 38 50
33 1 10 21 26
28 4 27 35 40
43 15 19 4 20
35 29 47 20 27
31 31 22 22 42
44 4 18 45 16
11 31 29 5 20
49 39 25 22 2
14 30 33 6 40
18 10 39 32 1
6 31 33 33 1
8 34 26 13 29
12 28 11 42 34
9 12 23 23 7
6 30 24 16 24
46 47 8 38 42
36 20 16 8 24
12 39 45 46 49
14 17 24 40 1
5 41 13 47 2
27 10 35 14 37
40 21 3 2 17
2 19 18 38 17
12 5 2 11 28
4 44 6 35 6
30 36 39 50 29
6 24 4 15 30
32 22 22 5 9
47 41 43 32 6
15 21 40 25 26
49 11 37 47 35
28 42 38 11 14
34 34 34 32 5
28 24 43 39 42
28 15 24 9 6
27 45 15 3 22
2 22 48 19 47
45 34 31 36 48
49 42 16 1 42
20 21 3 43 26
4 18 38 46 23
5 48 41 28 37
46 9 13 8 21
38 39 13 28 6
49 11 9 8 48
45 11 11 34 25
49 31 48 34 1
48 44 2 16 9
36 8 13 12 41
40 33 4 29 11
1 10 14 3 28
50 36 29 23 44
20 40 45 41 7
6 17 27 45 2
41 7 47 17 41
26 35 46 45 33
36 16 41 12 20
9 36 46 30 9
7 2 4 33 13
31 43 29 39 6
11 48 37 34 18
30 48 29 28 15
45 30 11 26 35
50 7 39 22 39
7 21 3 33 20
5 28 10 31 50
43 31 42 32 31
25 8 2 46 9
40 32 16 49 19
6 5 18 12 37
3 36 22 26 25
44 36 28 21 15
21 26 35 5 41
36 29 40 20 25
30 29 26 35 5
17 13 40 5 49
10 41 47 30 44
8 26 22 49 36
19 5 23 49 2
47 15 22 45 38
29 26 5 24 40
47 6 27 2 39
18 50 44 31 16
2 43 32 5 41
28 26 18 39 36
41 9 10 2 10
25 43 41 15 10
4 33 19 11 16
27 39 23 40 13
17 22 15 9 50
48 2 22 42 20
19 10 7 29 22
21 9 5 40 3
50 7 48 12 1
48 9 7 23 11
27 16 31 26 37
23 49 20 5 43
48 33 27 33 35
40 31 40 37 17
36 47 3 48 10
36 23 42 5 25
40 3 13 38 32
45 23 29 37 30
48 21 33 39 48
5 41 40 6 46
25 17 22 10 12
11 37 40 11 42
17 26 26 11 18
25 23 2 39 7
16 23 33 24 50
21 39 40 23 18
27 17 49 9 33
29 29 8 24 41
5 29 32 26 4
34 28 24 3 9
34 42 16 30 30
16 29 33 14 16
30 24 41 13 25
14 29 38 48 18
13 28 30 4 40
38 3 18 46 6
31 12 10 30 7
42 50 16 40 4
17 35 35 3 37
22 16 26 10 16
20 35 44 31 43
12 6 4 34 37
5 41 50 1 29
18 36 7 26 9
25 23 5 7 8
1 47 34 21 29
33 2 7 4 4
28 35 47 25 43
8 15 23 44 1
21 22 35 1 23
35 3 27 27 50
2 43 19 31 28
42 23 6 34 43
14 6 1 37 30
27 26 41 21 48
33 29 9 37 46
30 35 28 49 30
16 16 42 50 14
49 48 41 21 32
29 20 6 46 44
16 41 44 35 32
33 1 45 18 8
15 23 50 50 4
14 27 31 32 33
8 5 20 46 36
49 28 22 11 43
39 35 6 20 8
12 3 36 35 9
20 30 1 27 27
34 14 13 15 8
43 39 35 30 27
39 32 12 5 19
24 47 33 41 25
44 24 36 26 4
47 17 31 34 2
40 7 9 28 9
19 9 14 24 16
21 33 36 1 47
4 11 34 7 25
8 31 37 49 29
17 7 32 29 11
21 35 50 33 24
4 39 39 4 22
2 33 46 16 7
42 31 44 2 42
41 40 30 15 28
35 49 29 16 37
33 34 10 46 13
40 5 37 23 1
22 29 40 48 50
3 8 47 43 33
9 7 1 18 15
39 16 35 19 50
4 49 22 47 22
44 4 46 17 31
32 22 46 16 3
16 41 46 20 47
28 23 2 4 27
14 48 39 38 46
43 24 37 16 47
21 31 27 10 5
5 10 24 38 33
31 21 28 7 12
6 36 37 2 5
44 8 35 18 45
26 41 35 2 47
12 38 13 36 45
39 40 7 11 10
4 34 25 33 14
15 12 2 20 29
24 32 26 49 10
36 23 16 39 22
25 27 50 37 1
25 13 26 31 6
12 14 39 49 8
11 31 40 37 17
24 44 6 7 42
5 8 6 50 25
5 3 27 15 35
4 25 37 31 4
13 30 47 20 30
44 47 39 12 1
33 16 1 48 47
12 29 26 45 19
17 38 16 30 21
9 23 29 39 44
49 18 46 24 12
37 43 27 29 45
31 33 41 41 2
43 37 48 43 39
43 28 19 14 16
17 8 12 46 42
49 10 35 41 40
3 30 14 48 5
17 35 49 49 39
20 4 37 25 46
49 17 4 25 10
19 17 16 25 17
18 9 2 37 43
31 11 14 20 34
32 26 21 41 25
23 40 18 39 37
27 37 29 34 2
43 37 34 5 3
33 44 37 47 30
26 20 45 37 39
23 18 11 26 40
24 13 43 12 21
29 31 7 44 47
10 18 43 45 24
49 9 16 38 29
22 17 31 49 9
12 39 37 27 46
41 30 47 26 14
40 9 26 48 49
37 4 35 3 47
25 22 16 40 12
2 4 6 20 2
29 26 2 11 34
18 1 40 50 12
50 33 40 2 21
49 46 22 20 9
22 22 49 23 36
26 20 36 5 8
26 1 10 7 42
1 46 50 21 1
23 6 23 7 40
33 48 39 27 33
11 40 10 38 50
26 29 36 14 9
18 38 35 42 6
41 37 9 31 11
21 29 47 44 1
42 4 14 45 23
47 41 37 5 6
3 10 6 10 28
42 36 7 29 44
33 44 39 42 47
8 44 26 7 29
48 49 28 3 49
44 24 4 6 37
23 22 8 21 13
10 22 43 4 4
38 20 43 11 6
16 12 29 9 46
3 31 31 39 32
20 46 23 37 13
11 9 11 14 44
28 19 5 17 35
38 40 32 21 18
39 32 40 25 35
10 18 12 31 16
31 34 3 22 23
3 19 18 24 8
7 48 44 13 37
38 40 39 16 25
15 25 1 21 10
29 16 39 24 45
12 40 24 21 44
7 26 31 14 38
37 34 26 45 29
27 9 23 12 45
15 49 9 39 32
37 42 42 6 12
16 1 16 7 37
18 21 5 24 33
14 31 34 36 26
1 3 14 40 6
19 47 45 6 46
50 50 30 34 34
45 7 35 18 32
21 38 45 50 37
9 37 31 9 13
40 3 40 46 15
33 37 44 3 45
16 40 9 7 36
15 5 46 11 47
45 45 23 33 19
13 10 28 49 46
40 15 21 21 2
2 31 28 48 13
47 26 10 7 32
11 47 27 3 3
4 11 49 15 10
5 37 22 3 1
41 45 14 39 39
9 39 28 32 37
49 14 32 46 19
15 3 50 42 15
41 29 9 19 37
46 28 14 33 23
22 21 37 27 32
10 2 29 50 30
1 48 5 26 23
5 39 34 5 26
14 45 32 47 47
49 42 44 18 34
14 34 29 50 17
32 33 8 39 26
44 8 30 5 25
24 8 18 35 8
33 11 47 30 11
47 24 11 47 37
45 23 20 40 30
35 38 6 1 19
21 22 50 19 48
8 6 36 5 45
12 31 37 7 11
4 26 2 21 4
45 46 29 39 13
37 44 31 39 43
22 26 16 20 11
3 33 41 42 22
36 5 43 41 31
32 24 38 32 5
29 39 27 12 30
23 15 15 7 41
30 39 28 39 41
46 16 45 45 49
4 16 50 19 11
5 38 5 39 45
2 29 5 2 27
6 11 44 46 17
1 6 6 43 20
49 16 35 2 37
32 17 3 36 27
5 18 36 4 49
7 1 25 30 34
36 29 15 43 20
36 46 41 20 45
2 31 18 19 32
30 37 6 1 46
50 22 12 5 1
4 4 25 34 50
16 8 21 4 40
6 18 10 46 9
36 9 35 12 20
30 19 35 36 39
34 39 23 11 13
32 15 44 38 13
22 33 35 8 38
15 15 19 27 5
7 13 38 50 29
19 6 8 22 36
40 32 28 8 33
43 49 9 29 25
25 11 25 40 47
14 40 41 16 23
42 24 45 10 17
38 6 48 50 33
16 24 3 49 31
49 23 41 36 13
36 32 47 44 29
29 5 28 8 5
39 34 41 19 49
34 25 27 25 23
0 0 0 0 0
