250
1840
23
780 420 1700 1240 1640 1700 170 870 140 650 1070 660 990 860 330 50 760 1450 720 390 1660 1280 170
510
6
450 260 60 130 370 210
2500
54
1450 2100 1120 2330 60 240 200 1140 2210 1720 1620 2230 990 270 1600 820 450 2040 1540 1580 2330 880 1660 650 670 1170 410 2030 1490 1390 1480 2060 2330 1470 1550 1350 1830 660 1670 2270 720 280 1670 2300 890 1230 1250 410 840 1090 270 2450 1670 1200
1980
85
1070 810 1900 1500 130 330 580 1960 1200 960 1590 800 980 1220 500 1180 560 940 300 690 1030 830 1230 150 610 1050 1000 390 130 1170 1630 570 970 1790 80 960 1820 1890 350 1210 870 1240 90 1510 1720 420 1560 960 1130 120 1240 390 260 60 1650 1400 150 690 1640 720 900 130 1150 1110 360 550 1240 880 1170 1140 1040 1160 370 680 1260 430 1180 1060 1250 1780 910 1850 230 910 1760
520
61
480 500 200 480 180 300 120 480 140 460 90 330 500 180 290 190 120 50 290 140 300 130 380 490 510 430 400 70 430 120 150 130 490 160 510 180 420 410 50 180 440 170 230 330 380 250 510 170 380 480 340 80 450 300 100 380 340 500 370 250 210
1570
79
1340 1370 800 1480 940 340 1350 1180 1220 440 1110 890 840 600 1390 1190 1450 770 640 1380 880 450 560 80 510 1000 730 940 1390 1400 480 150 1390 1420 360 900 1500 400 1040 520 590 1270 730 150 380 1450 570 1120 400 740 1130 690 220 350 1010 1490 1260 1200 170 800 130 310 960 1080 340 280 1160 1250 320 590 620 920 1140 900 580 630 360 380 180
230
17
200 100 60 90 180 170 210 200 100 170 100 130 120 80 140 50 130
1180
5
1080 150 1000 380 950
1390
36
80 1060 210 580 800 410 960 1170 600 1370 1200 760 680 1340 780 1320 1300 370 520 460 140 1260 890 890 570 580 610 740 970 1120 1240 1050 1320 960 690 90
2010
39
740 1140 1190 1380 1880 100 1730 1640 470 690 1880 1640 1030 1180 1900 1580 1250 1100 1040 700 660 240 850 590 1430 710 1100 630 1910 1420 1400 660 1330 710 900 50 1350 490 370
740
43
640 420 550 450 240 360 110 700 180 440 120 630 710 670 600 640 290 640 530 610 450 420 90 410 160 580 590 460 420 430 500 130 290 590 160 80 330 470 70 700 350 550 610
2060
86
1410 1180 1310 1070 310 2000 990 510 110 1350 390 1900 1320 1940 1240 2000 750 520 1350 440 1060 360 940 1450 680 1060 1540 1940 1290 1720 120 580 1450 760 730 300 440 1830 380 1920 1680 180 250 100 1610 510 1030 1190 640 380 1720 850 530 960 630 690 1480 790 1340 550 180 830 1510 990 500 660 60 250 1240 140 970 690 250 670 820 1540 1320 540 1770 390 930 740 410 1680 760 60
1690
72
290 1260 70 300 1500 1010 940 270 1320 1170 330 790 730 470 1640 1040 510 1490 1030 450 470 1490 1440 340 1110 1600 410 1460 1400 190 1070 150 510 1250 150 340 1610 830 1340 60 1290 770 1480 620 1170 590 230 90 110 1280 1200 1190 610 1130 1080 370 480 1040 1200 470 1040 790 1010 1320 120 530 930 810 390 1170 740 1340
910
86
610 760 690 660 830 110 360 230 520 760 500 200 690 450 630 580 320 180 600 400 860 140 730 480 770 270 290 140 780 870 760 790 850 140 350 310 380 120 440 230 90 80 110 130 220 760 210 760 730 220 220 500 490 840 810 540 270 300 480 790 180 100 70 120 450 110 510 860 210 120 590 810 410 440 300 270 550 860 450 390 180 390 900 140 690 440
650
20
50 390 470 570 290 520 270 120 250 530 590 90 190 250 130 440 250 620 620 350
1300
86
280 890 140 170 300 430 340 970 190 1000 270 940 980 150 920 1140 550 1080 230 880 230 910 470 1060 940 510 690 1180 360 340 1100 80 400 270 380 100 610 600 590 1070 310 450 780 570 570 930 810 1160 910 160 660 680 370 700 1120 440 1140 860 920 1230 790 620 770 1020 510 1120 390 150 1070 1110 1220 1220 160 340 220 490 710 380 810 980 400 470 530 490 1170 780
2040
87
1620 1240 1570 1950 1310 1540 50 1100 1840 1320 1000 1790 1310 990 1960 110 1570 1150 1000 1230 130 1520 750 980 520 1330 100 1040 1370 1750 1160 730 1460 250 1890 2010 580 970 680 1200 1910 1880 1100 1480 1080 50 1720 730 620 580 1930 1940 370 930 1870 1140 1460 1110 890 980 1660 1600 470 1250 790 1020 850 580 1210 1780 90 510 1340 600 1450 970 420 390 1620 1140 1120 1430 650 450 480 1570 660
910
29
520 750 420 180 410 510 420 680 190 330 190 490 540 780 330 350 760 240 620 270 150 660 220 80 220 400 410 350 680
570
83
50 460 140 310 490 270 130 360 180 300 280 470 540 480 340 380 270 500 80 140 510 80 240 330 220 260 290 490 150 90 290 370 530 530 90 540 220 550 290 320 380 120 510 380 160 270 100 430 470 250 460 510 280 280 230 530 480 480 130 380 430 420 520 550 510 510 360 530 310 130 180 460 410 460 330 480 440 210 480 400 550 240 310
400
33
290 90 190 80 140 220 310 340 240 340 270 280 180 200 180 120 360 160 380 80 100 270 170 60 390 170 140 230 140 170 340 210 270
2190
65
310 1050 1640 2130 280 810 1420 1950 1750 1350 1810 1500 1360 1390 1710 2030 1110 990 1120 790 2000 470 1550 290 1320 1480 1730 1150 2090 770 1070 900 300 150 1970 760 1490 780 1110 910 1920 550 230 1320 660 50 1450 100 1450 250 1520 890 790 1820 2070 880 690 490 2000 970 360 1140 1830 1580 1440
1710
93
800 1200 470 1510 1330 420 700 360 80 1440 1630 1610 350 1380 1680 90 580 710 530 1520 1170 1420 250 680 1000 730 1450 590 1220 1550 740 1120 1180 430 210 620 930 900 240 590 790 660 1170 270 1680 550 1580 1200 1070 1390 320 770 960 1260 420 1330 310 1060 1650 200 980 110 810 340 250 1090 1500 180 730 1110 900 1380 1700 410 810 230 1660 490 1100 1430 90 1510 1210 1250 650 800 1650 330 610 670 380 100 210
1330
50
1030 600 890 1090 1070 1070 1170 660 850 570 1160 1020 420 80 130 660 550 280 180 150 840 490 190 470 760 870 50 180 330 430 790 320 260 1010 590 930 130 220 760 50 1100 860 1040 890 440 60 850 490 450 800
1200
16
670 900 670 1090 500 930 700 1120 420 80 240 500 680 280 160 750
1710
9
630 1520 120 490 1310 200 570 60 870
440
87
330 250 280 230 310 370 150 320 240 250 280 180 80 140 350 250 400 180 50 100 290 340 390 360 170 270 240 400 340 120 220 290 340 190 100 310 230 120 260 50 80 390 320 90 250 420 220 240 60 160 110 70 180 90 400 430 240 320 160 140 360 420 300 400 110 330 90 90 130 250 320 70 80 390 140 50 260 320 180 210 210 210 150 80 70 400 270
550
88
50 290 530 230 140 230 500 310 450 110 150 230 60 300 360 110 470 50 80 200 230 140 80 240 210 270 150 400 190 330 360 510 350 50 520 210 130 270 210 340 330 320 190 530 310 450 280 270 160 400 440 270 420 510 480 530 80 420 140 480 500 530 160 310 390 260 310 460 200 500 510 260 520 320 110 360 160 160 50 530 200 110 400 490 410 530 430 250
1830
7
1610 1020 50 70 740 1400 620
470
76
320 370 300 280 270 440 310 150 160 200 220 160 250 100 360 110 60 130 100 370 190 180 450 290 380 130 400 230 370 90 240 320 150 170 450 50 110 290 410 210 180 50 220 340 360 410 130 220 370 230 180 340 200 180 300 80 430 440 210 360 200 160 230 90 230 290 210 150 420 130 60 230 310 100 380 140
1820
54
980 330 120 1740 1220 1300 520 850 170 260 1230 1520 80 210 660 310 510 1670 1440 450 1600 710 1140 420 880 830 240 1300 530 1270 1310 1230 1140 1330 1800 200 1440 710 1530 1260 1420 760 1770 1070 560 900 500 960 720 1160 600 1230 1350 630
2410
87
1660 850 1960 750 1520 1540 540 680 1560 940 1410 1380 1780 790 1160 1160 820 2340 530 190 820 610 1930 150 1940 480 1800 870 220 850 950 1490 1040 630 380 630 1720 1660 730 1580 1500 360 1480 1180 1710 1490 590 150 330 2400 970 670 1490 1510 600 550 630 960 750 2280 1470 1390 1300 60 2080 1730 1100 1770 1150 1000 2240 1150 410 760 940 490 750 1830 1880 480 1890 2170 2080 160 340 1850 1840
1750
69
420 750 1510 720 1200 1390 1310 470 730 1410 1670 1370 1540 220 960 750 1000 890 330 400 490 600 870 1660 1320 1540 550 1190 1300 120 1190 320 340 210 960 330 1300 310 940 150 1480 1360 600 1340 970 1630 620 480 1210 600 1270 740 1660 520 1570 530 280 670 1360 1670 350 1630 1650 1200 380 980 1050 630 1400
1920
69
1490 1200 710 470 70 640 510 620 760 1510 610 1660 1260 870 1640 1280 1520 500 700 1550 460 1200 250 1170 1070 1320 550 260 300 1870 1380 1400 1870 720 1300 1460 1710 530 1350 1270 860 1570 490 610 1440 1040 600 1240 880 980 300 630 950 260 1200 230 310 1320 1850 520 360 90 500 450 1280 670 910 690 460
1150
96
280 250 420 910 150 210 310 740 940 70 1000 520 940 200 530 60 1080 270 440 740 280 850 950 620 510 490 1020 270 900 250 680 590 550 570 430 280 480 490 940 970 890 1040 670 110 60 740 870 70 940 270 1020 320 540 930 240 470 700 560 510 350 680 760 850 930 350 330 560 580 1020 570 160 480 1010 80 640 1050 750 610 120 330 500 650 240 320 760 280 1020 780 1030 1130 690 120 930 610 470 1120
1430
52
870 590 390 730 60 1390 1260 70 460 360 320 370 570 420 200 1180 1120 240 810 600 150 370 760 490 180 680 230 250 750 1000 250 1310 400 310 500 890 770 1180 60 1330 690 540 1360 460 1320 190 1300 1170 1290 340 780 520
1470
96
1150 230 690 1250 80 1000 220 320 510 290 320 150 520 500 700 1050 410 270 130 1270 1450 950 150 1040 280 340 860 580 990 770 590 940 380 190 220 1290 110 1190 300 450 970 940 200 1050 610 700 290 950 1350 580 60 1080 1360 630 1270 300 1320 1010 460 160 870 1050 1330 580 1050 1310 1030 360 1430 1400 640 160 1310 690 710 300 1160 850 1120 1170 50 1100 1300 220 1180 60 960 590 1080 390 210 900 1130 1360 820 1410
810
96
80 720 720 530 780 330 590 370 540 200 740 470 500 320 130 440 420 310 620 530 210 380 750 90 310 310 770 750 520 310 660 70 460 370 400 280 290 130 270 780 570 380 190 180 630 230 140 380 110 660 100 430 120 200 510 80 200 630 480 180 130 320 700 680 180 780 800 120 90 400 410 680 240 780 510 530 410 500 610 350 200 490 160 610 170 70 750 710 240 690 530 50 360 280 670 760
470
96
160 190 350 440 90 190 440 370 310 380 310 170 290 450 380 120 160 60 90 320 250 250 60 140 340 390 450 430 200 400 200 60 400 60 360 240 160 340 390 420 390 100 210 380 220 380 170 110 400 240 380 130 170 130 360 330 330 260 400 110 180 210 240 350 210 70 270 210 180 310 170 60 260 90 400 410 390 310 290 170 280 300 120 260 290 260 310 260 240 230 300 340 380 330 370 140
1460
58
760 1020 980 610 510 390 1170 290 1180 270 400 810 870 1430 1390 240 1260 590 1190 340 360 370 1080 1340 110 460 1440 1340 460 450 360 390 910 1000 130 1240 1080 500 600 540 1290 150 310 1440 800 320 100 1330 220 1390 450 1250 390 530 380 1420 380 940
830
93
330 470 730 530 560 560 150 160 610 160 490 590 450 420 140 340 670 710 650 160 800 330 390 320 560 470 790 180 790 700 620 290 740 350 630 560 420 120 530 680 570 90 750 620 800 650 610 700 150 210 770 500 220 400 710 350 410 610 320 330 70 640 430 440 520 460 590 460 770 740 50 100 470 680 210 600 90 140 540 580 470 670 460 580 260 130 80 90 440 90 180 780 500
2440
50
1550 80 700 1020 910 1320 1120 660 1580 1110 1480 2050 1420 2210 2080 360 180 1530 1490 460 1490 450 170 700 1510 1980 1380 2130 260 1170 1030 1450 440 980 230 990 630 210 1330 1010 2050 2100 1460 2220 1180 2340 430 1800 620 570
1770
93
1250 250 620 690 640 1550 650 940 1110 1110 1760 830 710 180 1730 480 330 1610 490 900 800 310 710 100 450 1270 540 1550 1450 620 1010 1340 1290 810 910 110 660 790 980 1180 780 600 1460 1630 1190 1000 240 620 1170 70 110 880 1420 1000 800 1490 870 1600 270 770 330 1090 1030 1010 1490 730 1530 1500 1610 1310 1460 540 410 390 1190 190 1480 390 560 740 1090 310 900 1440 1400 630 1290 510 1110 150 880 170 280
160
62
130 110 110 130 90 130 110 150 70 100 50 140 90 150 80 150 90 140 150 50 120 90 100 150 70 70 100 100 60 110 130 60 50 50 140 130 50 90 120 100 150 90 70 120 130 130 150 90 150 100 150 80 60 90 60 120 80 130 50 140 150 80
1070
57
970 1040 350 820 270 690 210 880 100 660 1030 800 920 630 720 710 460 210 490 320 360 130 50 240 480 770 480 840 440 990 610 650 650 780 910 470 70 580 1030 1010 440 700 640 260 540 840 610 730 440 850 1040 370 900 460 760 540 710
1430
5
1340 50 430 860 1070
2330
59
170 1100 1410 1630 1740 630 770 190 840 1440 1200 1900 820 2080 1110 1270 1260 900 890 1710 2270 1770 200 740 1820 650 470 1250 1200 240 830 1970 1600 1030 900 110 590 1220 2270 1360 270 1640 740 440 2120 1590 1320 70 250 1250 1360 2140 1330 80 330 1380 1050 530 1180
550
60
150 460 380 130 160 270 270 110 100 340 280 200 280 500 510 120 420 460 400 240 200 120 280 160 430 490 500 530 180 210 280 440 50 90 450 170 510 60 310 140 390 180 410 440 250 70 60 210 60 230 220 420 210 160 90 60 150 320 80 480
310
74
70 190 220 240 290 190 70 160 60 120 190 200 150 150 300 70 90 280 250 260 200 70 120 150 240 170 170 290 100 230 300 280 220 180 250 230 100 110 300 210 210 210 200 70 180 160 260 240 250 180 120 160 90 70 180 270 120 60 300 150 50 150 280 140 280 270 210 200 220 280 290 250 120 50
1750
43
860 150 1740 1050 190 730 1550 950 240 1680 1150 1500 390 560 360 860 1540 1600 530 1130 280 480 390 330 450 460 1370 1040 1280 1380 80 90 680 400 1450 330 560 510 1660 1630 1330 180 1200
2160
25
70 430 600 160 1130 2010 1460 2120 1170 2080 950 1780 810 1630 1840 1660 310 280 720 1120 1820 110 1660 300 1900
760
86
550 730 700 750 360 280 440 220 640 220 180 80 110 700 290 660 610 150 250 710 400 630 620 600 340 630 260 550 730 170 470 170 450 100 700 430 140 600 240 650 650 670 660 530 190 80 220 680 350 420 150 140 400 280 100 750 470 560 540 750 600 450 330 450 550 740 140 750 610 440 530 640 610 560 730 140 380 300 140 240 630 200 560 470 750 410
260
49
50 120 150 230 190 170 70 160 240 70 180 50 240 130 200 120 50 200 70 250 180 170 130 240 220 250 90 90 50 90 170 250 120 90 60 210 140 100 120 180 240 160 240 110 130 150 120 90 50
970
88
440 410 240 170 610 480 460 220 140 830 100 180 270 50 220 180 490 260 570 350 660 560 780 490 440 130 900 690 580 700 740 840 650 840 780 370 750 100 240 750 500 870 130 540 830 90 300 800 680 930 500 610 780 630 460 700 810 130 860 830 150 950 540 370 480 230 280 250 770 840 260 880 380 560 550 250 390 530 500 80 820 170 360 490 700 510 450 820
1670
49
740 1100 720 370 1360 1170 1190 330 990 1660 220 1170 1300 1060 180 1390 1150 1000 150 380 1400 660 1240 1230 660 1200 1360 570 660 1220 990 1650 560 1020 600 1200 1560 760 540 1160 1230 170 1620 1550 150 760 260 1250 500
490
63
110 460 200 440 80 210 390 390 70 410 260 200 300 140 200 240 390 480 350 470 160 100 80 380 410 90 450 50 330 220 400 110 300 130 290 270 90 110 120 50 380 250 330 370 60 110 80 80 320 390 290 470 120 190 270 480 50 250 260 390 50 270 390
180
57
110 170 50 150 90 120 110 150 100 60 130 150 80 60 50 140 120 110 110 150 100 160 130 120 70 140 160 120 130 110 170 120 80 80 150 170 80 170 160 150 100 120 120 90 60 160 150 80 150 170 150 130 120 130 50 170 160
800
20
340 500 110 310 570 650 680 690 200 130 430 750 590 470 260 730 160 430 200 270
180
76
130 70 90 120 50 110 110 130 80 80 80 60 150 140 130 120 110 140 120 70 60 90 100 160 130 150 110 150 100 130 170 110 50 160 90 120 130 50 140 60 70 110 170 70 90 70 80 100 80 100 130 130 50 160 50 70 130 60 110 60 120 140 170 120 90 60 120 120 70 170 100 130 170 130 100 50
1620
81
170 920 120 1330 660 320 1270 110 1610 1220 620 1150 1430 1200 680 1520 1330 1370 440 560 240 1520 940 60 910 1190 160 350 1330 380 300 70 760 640 1570 680 1430 800 180 920 890 180 700 1260 1290 890 650 160 650 830 1150 940 110 190 1100 590 1600 1560 990 1500 650 850 1270 1110 410 240 240 440 990 1540 1360 1260 860 1130 320 520 250 1450 1500 100 210
1840
19
1430 730 1080 1680 1420 100 490 1540 560 1470 1830 1600 1630 310 460 410 180 1370 1030
1410
31
620 490 100 810 1190 1000 1320 1080 430 930 660 910 1010 1090 60 1020 560 1060 1260 270 510 590 340 450 1270 720 990 270 320 240 360
330
53
70 60 180 120 220 60 300 170 230 200 310 60 110 190 280 140 300 190 260 280 320 310 240 100 50 300 210 120 50 280 280 100 300 190 170 270 140 130 230 120 320 190 150 90 160 190 240 260 290 310 130 270 160
540
78
470 310 330 490 350 370 450 450 60 470 410 520 470 430 470 320 230 180 200 210 120 160 500 460 530 140 390 450 440 70 340 180 520 90 210 390 530 530 430 240 80 410 290 500 530 210 80 290 140 230 210 200 290 210 220 130 60 410 470 350 150 180 240 380 360 300 250 450 290 270 440 220 430 410 310 410 330 380
170
90
140 130 60 50 130 150 140 160 120 110 90 160 140 140 100 90 70 110 140 100 80 150 70 100 120 120 60 150 160 70 90 150 160 100 70 80 140 120 100 90 120 70 70 140 140 110 160 150 120 160 110 80 140 70 110 160 140 50 130 50 160 110 100 80 140 70 50 50 60 90 50 120 110 50 70 130 90 50 140 70 130 140 50 100 160 100 90 70 100 100
2050
50
1460 1050 840 1470 210 330 1070 80 440 310 1700 50 1860 2020 850 60 930 280 940 300 1620 1330 1960 1570 1100 1360 480 1640 410 1530 2020 1060 1170 1460 600 380 750 1560 1430 1710 260 1670 1520 400 1260 460 860 1180 1890 1780
130
87
50 80 100 60 60 50 70 60 70 110 60 120 60 110 60 120 110 50 100 50 60 100 100 60 100 80 70 100 50 50 90 70 60 80 70 120 70 50 120 120 120 90 100 80 70 70 70 80 110 90 60 90 120 100 90 120 110 70 90 70 120 80 120 50 100 100 50 90 90 100 60 60 80 80 110 80 110 50 100 70 120 80 100 70 100 100 60
1110
65
310 800 780 710 550 1080 930 610 570 210 490 270 940 340 1020 220 820 680 780 870 880 160 270 350 60 360 170 780 1090 1050 400 450 140 520 700 1060 320 650 710 750 560 60 100 320 830 150 420 980 1100 930 150 960 1070 1040 1030 630 710 710 940 170 740 400 680 450 800
1880
78
400 1520 1260 390 550 1630 140 1640 1870 610 1360 1510 1790 130 1820 680 1610 400 290 1450 620 210 1870 480 1810 1830 930 1330 800 530 410 1150 1860 1610 630 860 870 90 120 1260 1140 540 1080 420 290 1310 460 1100 130 130 170 450 640 420 220 1520 920 130 80 1680 1840 590 1570 1570 370 1590 1160 1300 1510 580 1290 1850 780 640 160 1720 610 1680
1230
22
420 780 960 1060 600 310 700 500 470 450 770 570 670 240 80 610 1030 640 50 990 130 560
990
14
810 710 140 560 310 930 680 980 970 870 910 390 710 310
1420
61
700 1310 1360 330 1080 360 1230 230 1010 970 330 760 1410 360 1360 470 1240 480 970 470 960 810 1240 280 80 770 860 910 790 330 260 220 520 1260 310 470 190 1060 120 870 190 1200 530 1250 890 1080 670 840 460 130 1330 900 230 1280 1300 970 1300 220 1200 1100 510
2120
63
930 610 610 290 1650 1230 2060 1580 1160 1600 1650 1870 660 1830 1820 1970 200 650 2020 770 450 230 1540 240 1590 1830 90 1190 230 110 1100 250 480 2060 1790 1860 710 60 280 280 1750 810 1970 680 1410 120 2060 1490 1290 720 2070 130 1470 1100 220 750 1480 200 2000 300 80 1020 1210
1420
75
1190 640 830 810 100 1260 730 800 1310 1230 280 70 900 490 210 60 200 170 1010 1400 680 340 880 170 280 730 420 370 370 520 820 1220 770 1370 930 460 540 1290 630 560 910 1350 330 620 620 800 1120 220 300 530 1170 780 280 340 920 1320 1140 350 1350 370 1180 1020 1040 480 1010 590 670 950 970 420 720 250 1340 660 990
2360
10
2000 1270 1990 930 2140 1660 1450 550 1460 1310
1940
92
1200 1170 240 1150 340 210 1590 1390 1670 790 1390 1030 1110 1030 960 1150 500 1270 1300 1740 790 360 830 1820 320 1920 1490 1550 360 170 960 720 1790 300 1520 590 910 1590 320 1340 720 360 930 300 1350 400 790 170 930 1910 680 400 1530 700 1840 1410 170 1190 1220 280 600 910 230 1880 410 1690 1010 1140 1490 1090 1330 840 460 590 190 800 1920 820 480 1670 700 870 1760 1780 190 1760 1380 1210 970 1800 1840 80
2030
35
1470 1270 450 1120 790 1750 630 240 150 1540 340 1120 1090 1320 1640 1530 640 1270 280 1210 520 1540 1130 860 270 1520 1250 1420 1410 640 790 1190 1150 1710 810
1530
86
60 50 160 1070 170 940 970 800 760 1050 930 500 1250 670 970 800 800 1370 130 660 200 290 540 1130 1080 380 1200 1400 260 660 120 770 310 900 1370 70 610 1450 710 720 1210 490 110 810 490 990 160 390 690 350 1330 890 1060 80 840 1440 450 740 840 130 980 80 910 660 1290 1340 680 60 1380 230 1160 1420 1410 1280 1120 1160 1410 1400 1290 90 310 410 240 470 530 190
2440
67
1210 420 890 560 2330 990 1460 1580 2100 2030 580 2230 880 2310 1390 1380 1450 810 1860 890 800 1810 1200 640 1970 1860 970 1450 1710 1880 320 1200 1960 1960 290 1310 1410 1850 2350 1490 2030 1430 740 2190 1940 2190 1350 1310 940 2370 1570 2260 1300 850 290 2150 2120 1110 1770 1150 920 2250 500 800 1170 1370 1340
1800
24
540 1620 1710 580 570 150 1550 460 1760 420 330 1070 400 1570 1380 1070 1440 1330 450 1110 1200 1440 1640 910
1100
80
990 280 950 700 360 960 160 380 100 90 870 400 950 420 1050 990 890 270 320 750 700 70 590 760 330 940 830 730 1060 860 550 190 910 600 190 550 760 480 150 1040 700 900 480 870 750 670 860 1060 70 900 580 520 940 920 980 670 510 850 770 180 490 540 830 870 650 800 560 200 180 840 750 430 320 580 910 80 670 630 840 1020
1050
60
480 130 640 830 940 450 490 680 580 90 490 920 850 460 210 790 760 850 360 560 340 240 330 460 970 1040 940 310 980 220 510 1020 190 510 960 1030 410 640 890 90 550 600 690 130 60 760 750 1020 700 780 950 170 330 680 380 480 380 870 50 470
2130
87
1970 250 210 190 1550 1570 2120 1410 1900 870 270 1230 1710 1820 1600 2060 1860 1280 380 1480 830 100 120 1100 1270 730 730 1400 1650 200 2110 920 450 460 1050 1380 1780 1000 1020 190 1080 2100 380 1200 1650 160 590 1660 1190 880 60 560 260 1320 1810 790 1580 760 900 1590 280 1160 780 2060 1390 1920 920 600 1940 2080 700 1250 230 190 1700 1960 630 550 190 870 1930 1110 1880 630 270 370 2030
1510
45
100 1470 930 870 590 1390 200 1060 170 810 810 690 1290 1340 420 880 1350 160 1210 530 1250 230 400 790 870 410 1240 150 480 830 1460 630 600 1460 670 1270 460 1090 130 760 1370 960 100 1050 980
1560
88
1400 1110 790 990 1300 830 590 1180 1250 1040 520 260 340 60 910 900 620 1040 200 930 750 1510 1190 1450 170 590 900 500 450 1070 950 470 850 1060 1350 980 1000 850 160 1360 1360 870 1330 1450 1040 1290 710 320 610 1160 1410 1030 960 1500 1550 70 1350 540 1340 1440 370 860 1280 900 940 1000 1210 1200 740 1140 1190 470 270 430 510 110 990 900 1250 220 1060 1060 910 1180 520 670 1050 700
1250
24
900 260 120 240 530 560 230 1180 310 540 340 270 1080 690 80 1220 390 1140 1000 610 450 130 610 330
420
48
330 80 350 340 330 80 80 270 110 130 100 260 100 400 140 370 120 90 110 390 240 170 180 400 280 150 100 290 120 330 70 260 320 260 240 130 100 310 220 240 210 350 200 140 230 50 310 350
1230
65
90 970 1030 1210 160 620 1110 570 980 450 410 1000 350 200 420 880 1060 190 630 470 630 900 820 870 710 190 350 420 440 230 840 120 490 50 1170 1100 1010 390 690 1020 1090 130 1000 160 1060 210 870 630 1030 650 810 50 1210 780 400 530 990 90 1000 80 250 310 250 430 320
210
37
100 170 50 180 70 170 160 110 90 60 60 120 100 60 130 90 180 150 190 80 200 90 170 180 50 110 180 120 140 70 170 60 180 170 110 80 190
1910
18
240 310 120 620 1870 220 1000 1060 1370 1670 1320 830 1880 990 250 940 1750 1420
2170
45
1970 920 400 2060 2050 1270 1420 2000 1580 1620 710 1490 1600 820 2110 2090 1390 90 1400 1610 980 290 540 1960 1140 2090 810 1370 1180 210 150 830 1580 2120 720 1150 880 520 2120 160 1320 2140 470 2100 1900
400
35
340 260 180 100 50 200 80 290 200 250 390 190 160 320 340 190 170 340 360 70 80 120 240 90 290 130 200 310 310 50 80 190 150 380 280
2280
58
280 350 1950 90 1500 2210 1660 60 2050 260 790 1530 1270 510 650 1900 1840 230 620 1510 820 1460 1860 2150 2040 560 800 1580 2210 1920 680 100 800 160 690 1060 880 1910 1510 830 2010 960 1760 1950 2170 740 780 370 610 800 260 2040 270 520 1150 70 2060 1450
230
70
160 200 160 70 90 60 70 150 170 50 70 120 190 150 90 80 60 140 140 170 100 120 220 200 120 90 50 170 70 190 110 190 190 110 200 220 70 50 70 180 70 160 80 210 210 180 210 110 100 200 150 140 220 190 80 140 180 90 140 140 150 130 170 50 130 80 170 50 140 70
930
81
780 710 310 820 770 670 600 720 350 670 830 420 850 910 890 370 520 120 350 240 150 510 200 350 750 140 230 760 920 210 140 430 880 870 560 320 350 320 70 790 740 550 190 400 710 740 560 350 460 120 120 610 80 360 870 240 810 680 730 450 890 470 750 730 720 50 280 680 610 770 600 680 830 510 160 320 490 350 290 430 620
1440
17
220 1160 1130 860 700 590 1010 1290 1200 390 160 450 720 280 1270 1100 880
750
69
660 130 190 680 280 150 210 320 670 690 510 350 220 660 230 680 120 420 510 430 730 550 520 640 180 490 180 580 60 180 320 480 120 180 110 650 620 530 400 580 390 50 610 460 580 620 60 320 500 720 270 260 610 530 590 620 380 310 290 510 370 720 600 200 710 220 520 280 290
1820
11
520 330 1000 940 50 50 1410 530 1370 1130 1730
960
67
780 210 560 70 310 250 380 810 810 560 210 420 900 670 200 900 540 490 240 430 830 850 560 880 910 940 450 820 410 320 730 130 370 370 630 670 500 600 840 440 340 950 650 580 340 470 250 550 940 890 310 890 920 700 560 450 360 730 270 210 550 270 450 210 600 550 60
590
28
550 260 350 330 420 300 100 460 320 410 400 570 140 330 530 210 260 340 460 330 190 110 340 320 560 240 310 320
2460
86
1370 2090 1510 1860 570 930 1300 1000 1580 1900 1890 2380 1990 690 670 80 2140 1310 2180 720 1730 1730 420 1070 910 1020 1450 360 210 1590 2180 1900 630 1470 410 110 330 1610 690 1310 710 2080 1080 1060 1650 1970 1630 60 2310 1790 2420 1100 1140 800 50 1320 450 1330 2090 1070 2210 810 1880 430 100 1560 390 1820 1370 130 190 800 200 500 1350 350 390 1660 1120 1190 1140 1080 760 840 2030 1330
1670
8
1170 780 520 1360 1260 1650 1150 290
360
45
250 50 260 50 140 120 90 160 250 340 290 270 230 110 160 160 240 80 160 160 140 170 90 150 260 110 230 130 240 190 320 210 50 260 300 300 350 70 200 280 280 290 130 170 340
1870
89
1530 1500 90 1670 1230 1120 210 1650 1380 240 1580 430 1030 410 70 950 250 1070 1070 1750 260 1210 1280 880 1850 690 110 980 1490 420 1640 190 1850 380 1520 1300 1730 1290 70 310 1790 670 730 270 520 1040 580 1610 1100 1700 190 590 910 1170 1250 1490 1480 1010 700 1350 790 1310 620 1720 1780 570 1400 1600 1830 660 240 350 900 480 650 1240 1100 1080 1490 1070 790 1090 630 1040 50 1550 230 1210 440
960
66
370 590 550 180 890 430 340 730 470 340 820 390 590 80 440 490 690 600 770 880 360 520 190 640 740 240 550 850 850 890 760 440 580 940 410 290 510 860 800 800 580 720 710 770 830 560 530 780 360 200 630 160 530 100 790 630 940 760 520 340 670 800 380 900 700 590
1000
64
70 380 80 300 330 600 490 350 920 120 430 700 910 230 50 180 440 840 80 240 590 50 300 510 130 530 880 610 390 530 610 910 710 640 130 640 430 660 310 920 80 600 720 160 850 640 660 280 660 220 760 370 880 610 160 530 810 190 980 860 500 600 980 810
760
26
360 90 650 730 750 590 190 690 300 680 650 250 110 60 530 240 420 410 80 600 720 630 60 450 690 260
720
53
230 330 70 260 350 240 540 80 310 310 160 520 710 500 560 650 400 60 50 670 60 210 630 440 210 430 600 500 110 520 80 240 60 610 330 650 370 430 270 710 230 660 150 220 600 660 90 710 60 340 160 480 340
1040
57
1020 550 220 340 120 910 910 560 250 910 90 230 50 700 500 250 340 220 50 210 1030 510 130 440 550 710 650 550 820 410 130 670 420 360 120 110 120 190 410 640 450 240 440 740 880 600 570 230 50 1010 910 940 220 220 670 250 50
1520
95
1300 1300 1150 750 590 960 610 670 1210 320 190 150 80 410 940 260 1180 320 160 1290 1500 1220 1410 510 950 1190 460 860 240 530 410 70 1160 760 910 1200 960 1090 1100 770 1490 950 410 290 1320 400 1440 500 1480 130 790 70 1450 550 780 810 290 690 520 1460 110 1260 230 830 330 260 1420 1320 490 1430 60 90 1060 1320 1130 640 1170 220 990 1480 1130 480 60 290 1060 1080 1400 530 1450 1270 190 580 1100 940 1070
910
53
60 440 710 580 250 300 340 90 490 450 480 190 750 740 900 640 160 290 350 690 480 820 320 690 240 630 610 880 210 150 200 670 110 470 880 690 320 800 170 690 370 240 660 730 280 160 680 660 90 430 650 900 560
1270
90
610 570 830 250 590 1100 890 310 540 1250 330 1130 850 670 460 520 820 900 220 220 690 1170 660 1100 920 1180 440 220 1240 1210 1080 530 120 1180 720 1090 650 850 540 910 1040 1060 820 1200 1210 1020 640 730 630 750 550 180 970 680 700 520 430 280 360 580 200 740 190 1020 980 690 260 310 280 910 800 430 820 1160 640 390 170 1090 80 440 710 1110 500 220 830 190 380 170 1220 190
670
51
90 500 130 80 560 570 560 130 140 610 220 540 270 80 630 620 370 60 450 310 370 610 90 70 440 450 240 600 650 640 380 590 340 70 570 550 350 140 390 610 580 70 580 100 580 580 600 420 570 100 330
2420
95
180 860 1450 450 2070 300 2040 1700 2130 390 2090 2290 1800 1320 2290 870 390 1770 1510 1730 2160 200 1340 50 1000 910 570 1180 230 2050 220 1520 530 790 570 370 1910 100 730 1930 1760 430 1670 1510 2350 1470 710 470 1080 2300 2280 200 580 1980 1780 1940 990 540 80 2270 790 1510 230 350 1850 810 580 2150 1680 60 2010 420 1150 260 570 1280 2240 760 670 90 650 2410 1290 240 1710 1700 1930 760 720 1030 2230 330 790 1120 1630
2290
62
980 430 670 1340 740 2200 920 1580 1290 1880 2150 1340 1000 880 1600 430 1580 770 1340 650 610 720 490 1340 1960 2150 860 1750 1720 1870 670 270 470 1680 1060 1830 2110 220 640 2100 1000 110 1890 510 220 2180 760 2150 930 560 1900 890 290 1350 2120 110 680 2180 1340 1830 110 640
660
15
240 380 250 290 560 590 130 190 110 310 590 590 630 120 340
1820
68
1420 380 620 1600 1330 1640 1630 490 1310 1520 1690 330 620 1110 940 330 1240 1300 1470 1490 1320 1420 1340 270 540 1060 1110 250 1030 1420 910 740 1440 270 1590 570 1710 780 1760 540 1450 1040 750 1180 240 800 480 940 870 1210 590 1640 840 830 1480 1070 140 1490 250 1480 1060 420 980 680 440 900 250 1120
2130
10
470 1960 950 1580 1810 1530 1270 1350 1440 1230
710
90
690 330 570 400 50 390 520 340 400 590 620 340 70 660 170 310 300 140 230 610 480 200 660 540 630 200 690 250 320 420 50 500 450 120 170 120 610 280 600 170 700 610 360 600 670 470 630 310 250 170 560 170 570 450 170 650 80 590 500 370 610 140 160 260 240 400 140 540 220 630 250 500 480 50 100 650 430 460 80 180 650 260 210 200 160 490 610 570 120 270
2100
65
160 680 490 940 1350 1960 1630 2070 380 1580 490 1420 70 510 720 1280 270 1340 300 910 1080 1870 1650 390 2030 1250 120 1230 1320 2060 1690 1850 1870 750 860 880 1060 1360 1370 1090 560 1890 1010 2050 760 1410 950 970 1120 1410 240 940 1440 1050 1800 150 530 90 910 760 1060 1370 1150 260 420
490
20
230 450 400 410 90 390 350 70 270 120 90 220 450 50 400 230 290 100 290 80
120
82
100 110 80 50 50 50 110 90 90 70 110 50 90 80 70 60 100 50 100 90 100 100 110 70 90 90 90 70 60 60 80 80 90 80 90 70 70 50 80 110 110 100 90 50 100 110 100 80 70 50 80 50 110 80 110 50 70 100 50 110 50 60 50 70 110 70 80 80 100 80 90 50 70 60 80 60 100 100 100 80 80 100
800
80
760 350 610 660 430 250 280 620 280 600 420 110 600 250 220 160 170 710 600 250 400 700 290 370 450 480 710 420 540 200 600 270 710 220 550 320 700 100 90 300 500 160 720 270 500 210 240 500 320 240 70 130 130 390 200 70 720 520 250 750 540 540 610 710 240 530 100 300 80 670 610 700 270 530 680 790 500 290 290 580
2040
40
1060 490 2000 1170 340 1990 550 980 190 640 100 260 180 340 1890 380 900 1060 340 440 750 450 1950 600 120 1710 1030 120 1770 1590 1980 100 820 1840 410 1800 540 1010 1940 1100
370
92
340 280 150 230 300 340 200 170 150 140 140 310 180 190 240 150 130 240 190 60 80 50 70 120 320 300 130 140 260 260 170 320 60 70 220 50 350 290 320 210 330 200 260 360 350 180 220 330 220 190 340 70 120 210 210 350 250 230 180 320 160 340 200 220 260 150 90 330 340 170 250 110 160 150 100 120 330 190 310 260 50 100 110 360 120 190 60 140 210 70 110 180
2480
10
1350 2110 1880 1930 1000 810 1000 2240 2090 1920
230
16
160 220 60 170 120 110 110 80 130 140 70 70 90 80 50 100
920
95
650 160 110 260 760 450 420 680 420 440 810 500 170 70 580 660 540 220 640 690 300 240 220 240 80 220 680 390 300 210 700 790 660 600 820 730 860 300 820 190 420 510 120 200 510 730 290 420 500 760 800 460 700 670 130 120 70 470 760 300 210 250 570 620 570 320 250 490 810 190 590 560 410 360 360 490 760 700 510 110 200 540 580 300 320 540 70 780 890 640 180 680 280 600 270
1170
25
260 1060 560 200 710 430 1000 840 540 190 450 690 650 370 460 110 870 300 1160 750 1150 280 80 90 1120
830
8
550 540 550 720 620 550 480 330
490
81
90 160 400 230 390 430 140 470 340 180 210 130 220 390 280 380 260 180 260 350 210 290 380 340 140 300 90 440 410 290 160 290 260 150 400 170 460 100 300 360 450 440 80 240 410 110 470 380 220 100 480 110 480 330 60 400 220 390 240 320 400 190 270 310 140 240 410 330 300 300 240 60 480 430 310 150 400 90 80 470 370
2390
50
510 700 280 1310 1540 1120 1130 1380 1470 300 430 1570 1470 740 2060 1410 1800 510 800 2350 2130 50 1300 970 920 160 2210 420 1950 320 1220 910 1900 110 990 1270 1160 900 990 1880 1850 120 350 220 460 250 2350 2120 110 1250
980
30
70 70 330 530 320 550 440 440 60 220 560 170 460 600 700 770 890 130 650 470 380 80 140 230 670 580 920 380 380 770
2090
19
930 1580 1430 520 1400 740 640 1820 1500 2010 1800 1070 980 1650 1950 550 390 380 2010
1190
39
550 550 790 160 110 600 630 710 1170 50 1060 640 50 330 650 820 1180 800 340 970 210 70 890 900 1130 180 150 610 1060 430 530 1010 1040 890 1030 1010 940 490 390
450
54
210 340 200 340 130 360 360 170 70 270 230 280 330 210 180 220 180 430 160 410 190 430 340 440 190 320 420 430 170 90 240 300 150 360 410 190 200 440 400 100 140 180 290 310 180 420 180 390 210 430 380 360 360 430
2360
66
540 1880 260 1610 80 1480 110 240 250 400 740 1320 1000 1630 1200 1570 560 950 1590 1950 190 1050 1850 870 1820 1380 670 490 1700 1510 1350 2180 820 960 130 950 2110 1580 630 2080 550 980 1240 60 2090 300 290 1440 1050 250 1860 2160 240 860 310 260 490 2070 1610 1910 2350 2230 2130 640 2330 1790
1780
75
920 1470 170 880 580 1440 360 1230 910 500 1710 1040 740 160 730 160 270 450 720 1500 1150 160 1680 200 990 180 460 630 1520 900 780 1080 1380 1660 290 230 550 510 1490 910 60 790 1540 1630 1200 1210 1280 1190 210 200 1540 620 1240 1210 920 280 590 610 1540 700 820 520 120 800 1370 360 380 1650 1650 110 720 1010 190 370 1100
230
22
200 180 220 90 90 180 70 190 130 110 160 160 180 200 210 190 90 80 170 190 210 50
2460
66
1110 350 710 270 640 1330 50 950 2050 2110 1430 960 1230 1410 1080 1780 190 1360 1290 130 320 570 2120 1800 1600 1650 2090 880 2240 990 1760 2000 830 800 1070 1950 2430 320 1960 1990 2050 240 590 1660 1710 1370 1120 1300 1130 300 2030 2020 910 70 1090 330 1670 1460 1030 1660 1820 1510 1700 2150 1620 880
2280
46
2260 1630 800 1180 570 1870 1640 490 390 2070 1950 1810 1600 1110 1300 100 580 2200 60 1040 110 1880 1430 1000 1570 1150 1250 550 1820 280 1620 1530 1320 1050 1700 1700 1870 240 1530 140 1980 1940 1250 1530 1640 2060
1290
94
80 820 860 290 320 970 1210 1280 1120 280 1220 500 120 200 110 470 1110 340 380 740 1100 780 850 890 420 1280 390 70 420 160 360 310 660 300 600 1240 720 470 1130 1080 460 100 540 1080 480 90 310 1030 440 870 1210 1040 1040 1110 860 80 530 1210 610 660 850 390 770 890 540 500 80 230 640 1040 410 1170 400 1200 460 1190 580 550 560 540 640 700 100 340 1170 230 410 120 130 770 560 1250 570 760
2280
48
340 460 220 2190 1210 310 1820 1640 1380 1620 1400 370 1260 1720 2090 1000 1460 1760 2270 1470 2100 290 1160 920 1170 190 1830 1480 990 1620 370 1870 980 70 290 2000 1020 470 1730 1650 670 1010 1990 2130 880 2130 1920 100
550
8
490 410 370 110 230 500 180 520
570
54
140 80 360 340 520 140 370 190 270 50 80 260 270 560 360 460 180 540 250 250 480 200 170 380 100 470 350 440 520 490 530 50 370 500 130 520 100 510 130 300 540 110 190 420 250 330 260 420 540 260 50 420 60 520
270
66
60 130 250 170 70 110 250 60 100 130 210 90 120 240 80 190 210 100 180 140 250 160 150 60 170 140 130 200 80 180 220 70 90 230 170 170 240 190 60 190 120 170 80 60 130 100 120 60 220 100 120 90 60 130 60 220 170 140 80 50 70 120 100 180 170 230
1780
79
90 720 1740 350 370 1160 1300 660 1680 60 960 1760 480 1350 850 800 1310 1680 1230 150 1030 920 1200 670 310 790 860 900 1490 1200 680 1490 1550 1680 400 460 1460 1020 200 910 800 1760 430 980 320 570 370 1660 920 1650 1090 50 1510 1190 1160 410 1130 800 1450 510 1440 610 750 1150 1200 590 1660 320 260 590 1160 420 760 1640 660 90 1250 270 380
2110
60
140 440 150 1290 60 70 1170 640 1180 1080 440 1080 1100 1020 1510 100 150 1080 1750 1190 150 870 530 320 1830 1220 820 930 1330 1420 1430 1670 960 1960 1200 1950 200 520 1450 170 170 710 1070 1970 1710 960 1650 1410 1260 50 450 670 620 630 80 1230 1010 1850 1690 980
1460
37
1330 890 650 210 170 1040 1060 580 110 1160 1260 50 1290 1070 970 1040 1070 730 650 1110 300 320 770 1120 1360 1070 180 50 1420 570 130 1290 1430 500 360 150 1370
850
55
800 810 50 310 640 70 830 830 710 530 600 170 510 250 150 660 560 90 450 560 110 510 780 830 480 760 150 580 790 120 510 210 830 570 130 410 300 830 820 820 600 520 50 680 400 610 460 300 210 120 70 820 120 630 60
1390
47
1210 910 680 400 1180 500 1120 950 640 610 110 250 710 960 740 1310 270 1360 130 1110 960 1140 380 1320 1380 520 530 820 1060 810 100 710 1000 580 1350 1260 710 300 1240 1380 700 1160 760 210 230 110 1340
750
47
220 120 410 380 310 160 690 240 360 460 200 570 600 620 720 420 470 740 650 520 60 200 120 410 530 510 490 710 290 320 130 290 640 90 80 410 170 610 260 410 350 680 430 440 230 490 610
1940
59
1740 1310 1810 700 1510 1480 100 740 660 1770 1660 1070 770 1680 520 200 1280 1900 1910 730 1030 1690 430 1250 560 820 1210 50 110 1540 610 1480 890 160 950 660 650 540 200 1590 1380 380 1090 530 280 540 1040 130 1810 190 150 1830 530 1150 1340 810 1920 1400 1720
550
68
490 490 520 250 330 120 450 390 270 350 180 360 230 210 320 490 540 260 480 340 80 370 90 360 150 310 230 410 430 240 60 50 340 150 310 300 150 510 140 320 540 250 430 390 220 330 170 390 380 430 60 300 380 410 510 280 540 400 210 460 70 50 270 520 190 410 460 490
2200
73
950 1700 1780 520 580 1520 1820 2140 1600 720 1000 1710 1770 1230 1640 980 1010 1530 1610 490 980 1180 1450 1890 2090 1710 1680 1660 970 1980 1280 1380 110 170 1400 580 1460 1840 1160 720 1930 1290 940 2020 1470 1180 410 740 670 1470 390 880 630 950 1770 1770 610 1450 80 2100 1420 250 1040 320 940 770 920 1020 460 840 1210 50 730
1490
66
320 530 310 180 80 290 360 380 1020 380 880 330 1330 630 230 90 560 1270 970 540 160 1260 1260 1470 690 380 940 1240 1160 1360 1440 1050 720 590 540 930 100 830 690 1130 1380 640 1020 810 400 280 850 680 530 930 390 590 1070 640 120 1460 460 530 700 1440 210 1160 280 380 1210 840
1550
96
1380 700 1130 1380 240 1500 1480 1400 260 260 620 900 220 1110 300 860 1390 970 360 100 1090 320 860 1220 60 260 60 550 460 770 600 1170 750 1440 530 1110 1360 1120 940 200 460 610 1500 1440 780 1120 1470 460 1000 1470 1230 900 1260 320 1510 1000 1290 340 1070 1360 1050 940 1150 670 130 120 200 320 570 1150 1160 1160 800 1410 1140 1500 70 450 280 1220 170 780 1250 420 420 170 470 540 1460 1410 420 1490 220 710 1130 950
1140
10
80 820 640 240 440 150 1040 430 870 1130
1120
46
430 280 450 250 510 430 250 1050 400 540 130 640 800 530 400 730 1070 120 270 880 170 290 80 610 370 900 730 830 160 380 1010 150 390 770 560 880 590 850 170 700 280 870 930 270 800 1030
2110
56
1280 1980 1540 1960 1180 1080 1980 1550 1770 1100 1710 2100 890 1220 1560 760 1620 2070 390 1500 450 1960 2070 760 1890 1510 1410 1560 740 1200 1390 1120 2030 1010 1500 1030 1140 1170 70 180 270 1280 1470 1710 1370 290 610 1220 1340 1190 730 250 2060 1610 780 1170
400
88
200 130 230 300 180 280 390 390 260 90 330 80 80 300 180 320 370 310 90 210 350 50 390 130 180 240 360 90 90 370 290 100 320 60 230 320 160 390 200 270 370 390 210 380 50 200 200 160 60 110 80 270 230 180 270 190 60 330 320 280 270 260 290 130 360 70 110 270 280 320 160 230 50 340 360 180 120 110 290 290 200 180 150 240 60 100 260 290
430
59
100 180 260 80 80 80 230 250 170 250 130 380 150 80 50 390 70 120 220 190 380 170 330 50 180 160 380 360 290 410 230 140 240 130 310 290 270 90 270 70 60 280 180 70 240 210 360 110 330 420 90 280 150 80 360 50 160 420 220
1760
80
1630 420 850 830 900 1590 510 860 240 810 610 1060 1550 880 80 1430 1120 140 1520 270 500 250 860 1210 1370 310 1090 1340 1510 1050 1160 1270 340 80 1390 1430 110 660 830 910 1140 1270 1140 310 1080 1550 740 170 1700 1250 1520 990 440 440 1210 1680 920 700 800 670 570 810 340 1360 250 510 1660 1500 450 210 1600 250 320 870 1500 730 1010 1000 1540 1200
1920
80
860 310 1080 500 710 1310 1430 1160 840 990 1070 1160 1690 1540 1480 1110 1390 1110 1860 940 310 1120 920 360 1870 290 170 400 1160 1600 1780 100 730 450 1840 1510 890 430 1440 590 570 470 320 1890 1250 1080 820 1430 560 1890 1230 290 1380 1430 1770 420 1880 1440 1420 430 1840 850 390 1800 990 1870 430 240 330 1590 650 980 550 1760 1200 1570 1310 1680 1740 1650
2220
73
160 640 300 2010 2110 490 180 1700 340 1810 220 1950 920 1330 1750 220 1390 2010 80 1100 760 940 670 950 1540 290 1780 2060 1740 160 1180 180 1740 970 720 1020 1780 2130 840 760 840 1070 230 180 790 890 890 1290 1740 1400 1350 1160 850 470 1430 1490 1880 2010 2120 470 1370 710 50 1690 80 460 1310 2180 940 1990 2180 1500 1940
1260
32
1050 940 800 740 200 1120 1050 1130 150 840 1160 310 70 1200 820 50 150 180 200 820 500 1010 410 270 880 540 1030 630 230 340 740 350
510
7
420 350 480 370 330 110 100
1740
98
810 590 1680 1290 1530 390 130 1300 1290 1100 1730 590 1470 660 390 540 1300 490 260 750 1240 370 310 1190 1600 1570 940 1450 1510 1120 1570 100 1020 1230 970 290 390 60 1090 1350 1670 1300 1330 1610 840 440 610 960 140 1730 560 530 70 1170 1450 620 1530 420 650 900 1210 1710 1690 1720 530 290 500 1380 1510 570 1550 670 120 1530 810 1270 80 500 860 1520 1080 690 1620 680 1660 380 640 1280 980 1390 520 990 160 1500 1000 1220 1670 1100
1000
95
580 460 990 880 580 90 990 790 760 750 890 670 660 140 570 800 850 250 270 750 230 900 730 940 410 60 540 230 170 900 670 480 870 390 180 970 910 540 420 390 290 350 440 550 220 960 800 940 90 900 180 110 820 880 830 410 50 800 690 140 730 170 340 70 550 700 80 140 800 90 230 720 920 340 860 860 590 470 490 970 350 300 950 810 890 960 820 840 590 300 800 60 60 140 440
790
26
370 360 710 70 100 210 240 690 430 190 740 520 480 570 500 770 250 730 760 190 320 670 330 280 150 710
640
91
480 440 540 460 390 540 540 370 510 330 440 440 410 150 570 330 560 520 50 530 630 600 280 150 80 260 320 530 600 140 260 590 300 220 110 580 90 620 500 140 220 460 610 170 340 220 520 510 520 130 520 380 310 570 460 250 480 210 340 590 630 70 130 440 560 360 540 570 600 440 450 110 280 300 470 630 590 520 370 170 190 600 330 630 440 170 140 460 90 220 510
1180
6
380 560 940 930 120 560
870
85
170 780 370 240 240 800 230 500 610 470 140 350 760 710 660 450 370 60 240 490 280 140 420 860 120 840 160 730 360 640 580 500 820 620 550 140 530 120 210 180 160 600 200 160 700 840 710 110 630 350 440 460 680 720 80 300 660 510 560 200 420 480 530 250 750 460 280 180 860 780 140 60 660 820 790 190 330 610 110 560 820 140 460 600 570
610
24
270 400 230 570 530 60 490 480 50 600 110 510 170 340 390 230 480 70 120 530 520 260 310 130
1320
69
890 530 900 400 1140 890 190 580 540 930 690 1060 630 690 720 190 1180 440 760 370 390 180 1250 120 1310 750 560 630 700 610 650 830 690 340 680 400 750 490 170 450 600 820 550 810 1310 250 1170 1050 70 450 440 930 180 810 860 1020 80 540 280 250 910 1180 1060 480 60 640 1140 610 990
160
84
150 100 140 60 90 130 100 80 140 50 70 70 130 80 90 60 120 50 120 80 130 90 80 120 90 60 140 100 70 60 100 100 70 80 140 50 80 60 90 90 120 100 130 150 110 60 50 130 140 70 110 140 50 130 130 50 110 130 60 80 130 150 60 110 150 70 60 150 150 60 60 130 130 120 80 120 120 50 60 130 110 70 50 130
1920
70
1350 530 1250 670 520 730 1560 150 1580 660 1200 1640 490 1820 960 230 660 270 220 1670 1430 550 1450 1550 1900 1900 1210 440 1010 310 650 1700 1900 610 1010 410 880 1650 1410 1910 1590 180 1600 420 1760 1300 690 1320 530 800 560 1540 1890 1880 980 120 1100 1340 100 450 1240 1320 850 890 310 450 570 740 1560 1290
110
73
80 90 80 70 90 60 50 50 70 90 100 70 80 90 100 100 100 100 60 60 70 90 100 60 90 80 100 60 90 100 50 60 100 70 80 50 50 90 50 70 70 100 80 60 60 70 80 70 50 100 90 100 90 60 80 60 70 50 90 90 60 100 70 70 70 70 70 70 90 100 50 90 60
1920
90
350 700 580 540 410 950 1710 1630 1350 470 1040 980 980 920 1530 160 1340 1220 1720 960 1390 780 1520 1650 570 690 1610 1450 70 520 1420 780 1670 330 1020 1150 120 1070 1030 1400 1050 160 720 1650 630 70 1690 990 1530 1090 1320 980 650 1490 1500 1630 1520 120 160 1190 450 1090 1050 1050 1000 960 1600 800 570 370 1190 1070 160 450 1470 950 1090 1010 1840 1500 660 900 1310 440 1560 1130 210 220 740 1050
1020
28
300 650 660 180 440 840 970 440 600 560 90 400 540 760 1000 650 190 190 250 790 780 790 160 200 930 90 580 540
1430
81
480 820 620 960 440 830 1320 1270 1140 240 620 1070 440 550 430 1360 800 830 650 940 1280 1120 1180 1310 790 900 1260 500 520 1160 890 990 1290 790 910 940 1120 580 880 100 1320 250 1300 1400 1090 510 820 700 1100 530 990 1130 440 590 530 1130 1260 1180 1320 610 1380 1170 740 730 1290 380 650 1250 1340 130 800 440 1310 1150 890 720 540 810 390 520 1360
1430
31
560 890 390 770 1090 60 730 1160 740 290 1380 640 1160 580 210 620 910 410 840 920 1410 470 370 460 1280 100 140 240 620 850 460
2330
95
630 2300 630 620 2190 1630 450 1440 1480 1880 1500 1430 2270 2270 900 1020 1680 2180 1630 1320 200 1810 980 320 2310 1820 80 290 1620 1020 1580 1560 1600 2190 1770 1440 2300 1590 1470 850 220 720 1820 950 1520 1910 1080 100 310 980 2260 280 400 340 80 1180 1260 290 2110 840 1880 1180 410 700 310 220 1340 2100 640 830 2220 1840 570 1040 1840 440 1560 570 960 1700 1690 1350 1490 1550 630 1570 620 620 1650 2000 1840 1460 310 1890 380
1910
92
1480 1690 720 830 550 790 1620 1360 1570 1320 770 1720 1840 650 950 1130 1390 810 520 750 1410 1520 1780 1000 300 930 1850 1170 230 1620 450 1890 690 940 1850 1020 1890 1340 1660 410 1370 1820 1580 550 1000 1720 1630 430 760 500 910 1120 620 1130 1840 1330 1160 780 270 1230 1770 320 1220 720 1580 500 530 690 570 1480 680 1190 1130 190 60 1530 230 1850 90 1140 920 1750 220 1300 1860 950 810 870 480 240 820 1270
1160
60
190 930 920 650 270 560 100 700 1100 600 80 310 500 1060 910 860 1040 800 660 430 840 650 140 590 1100 560 820 160 1140 790 140 610 140 350 700 80 730 780 830 720 890 600 340 710 640 1050 760 1100 1150 260 1140 330 720 320 370 1110 310 730 650 930
2240
51
1080 1970 170 2080 2150 50 1990 100 1720 1900 950 1420 1430 510 2010 660 980 1570 1210 200 1520 60 1130 1870 360 1740 1600 140 1430 1260 2160 1690 1270 1270 960 360 1470 2120 280 980 2000 790 870 440 780 2120 80 1970 80 2130 1110
2090
70
90 1210 200 1670 1850 610 1030 1010 2000 450 510 1350 730 190 290 830 660 150 1100 1380 1170 1770 110 150 150 1230 190 1300 330 820 320 700 1400 1080 1280 180 120 700 1960 1560 630 1900 1280 1140 220 70 410 140 1650 1430 650 1020 1470 870 1990 180 2060 400 1030 1090 1540 1630 1690 310 1000 80 710 430 1750 1770
1500
32
1400 50 50 410 1070 290 800 860 760 610 830 810 150 60 730 950 480 1110 1490 850 380 1020 730 1480 990 1450 1090 680 370 420 1150 810
1580
47
310 1310 160 280 1260 260 1120 1410 1090 1550 1520 80 950 790 890 780 1460 480 1520 220 1030 560 1330 1570 590 470 1310 1120 1080 850 1360 770 120 620 980 1390 180 680 760 150 1110 1050 1020 1460 1090 820 360
230
47
160 150 190 90 190 200 50 100 140 190 80 200 220 150 160 210 210 150 120 140 220 170 160 70 120 170 100 70 80 160 100 200 160 160 200 130 90 110 70 120 120 70 100 190 160 90 160
1390
86
1140 60 700 910 970 1080 80 850 610 970 990 380 1240 940 620 990 1140 460 670 170 80 1340 770 680 490 1320 1180 400 1130 130 710 1010 150 150 920 1300 60 700 240 60 300 1210 150 940 450 1250 160 1060 980 490 210 1240 390 890 1060 110 750 1030 1260 1270 1360 1380 1350 480 170 350 650 190 1100 340 70 690 270 560 230 1220 840 430 870 320 930 1260 1150 390 730 1190
2320
37
1580 310 1960 800 1070 250 1480 1750 510 500 1950 880 1380 1320 1400 1760 910 2080 1110 1580 2240 200 1810 120 1390 1310 450 1710 1510 920 940 2120 1590 300 2030 240 2030
1440
86
110 1300 960 550 1160 1240 780 280 1230 660 70 410 320 270 930 800 260 1340 350 590 730 210 710 1400 400 480 630 940 1160 210 460 1230 1310 910 970 260 600 850 100 1070 360 1240 1030 720 340 1090 1220 1290 1030 90 210 420 1240 1050 600 780 970 1180 120 1210 1190 800 430 540 470 740 270 780 1050 440 810 720 120 60 400 1010 220 1210 350 300 70 1250 290 1100 1290 1170
540
56
190 520 460 270 180 180 70 480 90 210 310 390 80 350 210 460 360 510 290 90 80 210 240 330 120 320 470 390 500 440 370 380 50 150 250 350 450 430 480 490 440 410 440 240 260 260 440 250 50 420 410 130 490 350 430 100
610
83
570 480 250 400 390 540 130 570 290 120 420 390 540 440 80 430 110 500 590 510 280 390 120 470 340 230 530 510 250 140 600 500 300 490 370 470 380 290 580 110 480 130 110 160 140 140 450 470 70 330 380 380 190 190 160 360 140 140 200 130 420 320 290 300 170 460 590 420 320 530 550 250 560 400 180 130 150 400 80 360 340 350 370
1650
9
860 1010 900 520 120 250 700 680 70
400
99
230 270 180 340 370 60 170 80 170 110 50 390 90 310 310 280 220 390 60 390 80 250 60 160 90 60 140 380 380 180 250 80 340 60 330 60 240 60 330 140 300 360 360 210 370 80 340 110 110 160 360 300 50 50 230 210 230 130 290 340 270 210 320 210 150 320 290 50 380 60 100 260 220 240 280 110 160 180 50 180 50 370 320 210 120 210 140 230 370 390 320 170 300 370 300 270 340 290 330
1080
27
90 940 350 400 480 1040 980 690 900 670 190 940 400 880 480 590 190 130 180 130 810 500 990 970 240 300 970
1450
55
960 1280 70 1240 580 260 940 580 990 910 80 1010 100 1400 1200 1250 640 1380 1270 970 970 140 170 990 600 580 530 610 990 160 850 1410 460 320 620 220 510 940 1430 1230 50 1330 600 1210 1430 510 800 130 560 180 1380 740 560 740 110
2000
30
540 130 1880 600 750 320 1890 220 1830 560 500 370 1150 1120 1840 230 1370 150 1490 850 1680 310 1790 1160 280 1360 1650 1860 740 1810
680
99
190 360 670 290 540 230 400 480 360 530 210 350 320 510 50 610 520 50 120 360 90 650 290 120 660 600 470 190 570 70 270 80 490 670 360 280 170 420 420 230 500 100 490 210 420 270 550 490 430 670 60 420 160 590 640 500 60 630 390 600 300 130 220 80 520 270 520 660 460 250 50 620 650 70 110 650 340 370 400 290 590 100 260 370 150 380 380 670 620 230 160 130 220 150 620 600 200 50 670
1610
39
730 650 120 1420 430 450 320 900 910 1060 1320 330 680 1280 810 1360 300 830 1380 970 590 1370 1250 380 1420 860 70 230 1410 1150 1050 120 630 1230 970 1010 1290 670 1470
1370
45
580 570 1110 830 980 730 710 810 590 120 170 690 260 900 700 950 1230 540 450 400 890 220 850 950 320 1030 1320 110 60 580 690 590 390 1170 1050 690 1260 900 1110 140 560 80 980 520 290
2330
26
1960 2210 1860 480 60 1580 1660 300 1630 860 440 1670 1070 140 900 590 670 410 1180 900 1490 300 1700 200 850 2150
640
83
190 570 100 110 360 590 200 230 180 470 370 460 320 100 610 340 510 400 80 460 630 310 510 360 270 90 50 380 50 630 330 290 220 80 470 160 130 580 120 630 590 220 320 190 570 90 500 150 630 110 330 50 180 410 230 470 310 500 510 70 450 290 450 490 270 520 330 170 440 150 460 50 600 570 540 230 170 300 380 410 550 450 220
760
85
640 160 470 300 50 80 120 200 720 180 100 50 650 290 670 490 180 470 660 680 510 100 180 560 60 450 460 350 290 410 520 60 600 430 230 240 570 310 600 300 270 670 480 710 290 550 730 110 170 470 240 270 360 130 560 500 320 390 430 320 280 320 730 150 350 610 450 650 520 140 190 730 590 680 450 350 720 300 470 260 120 560 390 200 490
730
13
300 150 390 300 530 50 650 190 430 230 610 600 570
1640
51
60 810 1330 1600 1160 560 480 1550 320 1090 340 1230 1390 1600 930 1440 970 570 790 140 90 580 300 1090 890 80 400 820 1240 1120 640 430 920 530 260 1000 900 1450 110 1290 1210 990 1400 210 740 1580 980 130 1210 1010 1110
730
47
550 510 570 360 440 570 500 600 50 630 630 680 400 560 410 100 120 160 490 120 540 210 450 140 650 630 410 560 190 480 590 390 190 130 310 490 500 100 470 720 190 100 500 370 110 410 360
1740
46
1530 420 280 1690 1450 480 120 1590 470 1460 1720 540 1120 1010 290 1100 1430 200 130 540 1290 1120 1680 390 630 530 1550 1280 160 1440 1010 830 900 1220 1190 280 470 360 230 310 1000 740 1200 530 1260 330
1780
44
1040 670 1660 1620 1450 1270 780 530 840 970 650 600 570 470 770 1210 1670 1050 1120 1240 1420 1620 1710 1460 1550 1390 1100 230 340 590 1520 1680 320 1770 840 940 1650 400 1300 760 790 80 240 1450
1580
48
1010 80 70 320 1260 540 1070 1570 270 220 420 1030 260 870 50 280 1270 450 710 140 1030 920 370 1410 1440 990 930 650 950 580 340 670 280 1200 1080 420 500 1010 1120 1340 1420 1520 1260 810 1380 760 470 740
2030
26
150 1760 740 320 1390 1050 260 1870 140 1960 730 1870 1410 1240 1770 1590 1910 1640 1520 440 1040 880 1360 1790 1430 1730
2440
45
240 2130 1480 1490 1480 2070 2030 1490 1910 220 2190 640 860 150 2390 370 120 1630 280 220 80 2090 1460 250 1260 1360 2000 2280 1260 2260 1070 710 890 740 1520 1720 760 110 1920 2190 80 1480 1310 710 940
640
69
320 390 230 360 100 490 180 560 450 500 540 170 590 610 530 610 490 520 310 540 190 520 220 530 630 350 400 100 620 270 350 340 290 180 490 410 70 630 50 250 420 590 530 140 380 630 470 340 560 330 440 530 90 200 140 570 260 80 520 210 240 430 610 390 370 430 360 560 570
1820
95
1110 590 1210 1280 1380 810 1260 470 1730 1260 1390 1540 1320 1330 1390 680 1150 1750 190 610 1590 1170 890 470 780 980 1340 60 1210 670 670 610 100 220 780 90 200 1420 550 1620 1550 510 1360 1120 1790 220 940 230 710 250 1440 390 1450 1520 480 100 940 1130 870 1320 1120 1150 800 1100 250 360 1180 1620 260 660 650 1370 160 1240 130 1080 1710 1750 1440 1200 590 300 1390 1190 1280 540 650 1060 370 610 1300 1480 190 1420 630
1420
28
80 1230 1010 470 490 100 720 1170 990 250 200 540 1290 150 250 1180 360 1020 880 340 490 530 680 720 1210 110 1170 1320
240
60
100 90 130 180 130 230 80 60 170 80 170 90 110 50 230 120 150 50 100 60 200 60 220 60 150 160 130 60 150 70 150 70 210 80 80 50 140 220 150 90 50 150 80 170 230 200 60 200 80 60 150 220 50 140 80 180 180 50 170 140
1900
68
590 130 1530 370 970 1400 1650 1110 1430 1120 960 1870 1010 1370 1500 890 1600 600 1280 1660 1310 1670 1090 1460 240 1690 370 770 1840 1320 820 610 710 1800 1200 860 1070 150 510 820 1790 1870 280 210 200 890 400 640 1590 540 470 1190 270 530 500 700 440 1220 1580 340 490 1340 1130 220 80 120 100 1490
1190
39
870 210 500 1040 580 460 440 810 590 380 540 770 1150 880 980 840 170 150 200 360 930 960 820 1060 590 880 60 210 110 1030 500 50 890 770 790 650 120 480 70
1370
56
300 840 240 1080 540 330 210 1170 80 170 510 180 1030 290 670 390 920 90 1320 830 1020 750 1270 810 890 1300 200 840 300 380 540 630 80 520 570 1020 800 1290 90 830 950 830 520 1130 1350 860 1180 810 780 70 1230 1100 1070 690 110 190
2050
38
280 1090 900 970 1740 1700 1470 1790 270 1270 1860 1480 1360 1470 1970 1050 780 140 1150 1220 1270 1940 540 1130 1910 240 1570 2020 550 1500 320 390 100 2040 1750 640 760 380
350
82
90 110 80 210 290 340 120 340 280 210 50 110 210 270 310 340 340 330 110 190 70 160 250 100 50 210 250 120 320 90 330 110 120 130 220 80 280 300 150 260 70 100 290 210 130 290 190 270 60 200 270 160 270 90 220 210 100 180 260 220 60 80 290 90 70 240 260 140 270 330 310 210 80 160 230 70 100 100 250 340 240 290
1010
89
380 550 430 900 890 200 770 160 260 120 950 110 230 740 750 520 410 440 660 470 540 270 290 430 240 580 730 270 600 920 890 580 200 290 600 840 300 310 70 520 1000 440 680 790 700 820 900 290 740 450 930 380 110 260 430 790 810 100 770 800 700 870 630 220 310 120 450 530 520 900 720 530 910 400 980 610 900 80 890 300 60 640 970 430 560 780 580 130 240
1470
100
570 90 100 1210 590 520 140 880 1280 220 1400 720 1280 660 380 60 1390 470 1360 630 1070 530 540 230 1000 1070 320 1040 1000 1180 720 1040 120 150 860 100 310 860 800 1290 690 560 810 1400 1280 470 1350 410 880 270 1160 610 1100 310 180 1330 1000 870 470 690 930 1380 120 480 1410 1240 900 290 930 990 270 170 220 230 450 1400 120 100 790 400 1160 920 440 1080 380 770 1070 420 1450 1180 130 270 1250 580 310 160 660 1100 1320 530
1510
72
440 370 1430 300 940 960 930 870 1150 1420 730 1240 310 960 850 1300 1490 1500 810 430 680 1160 1130 310 880 1220 80 1010 350 990 80 660 990 1250 370 1290 730 1470 1080 320 1440 300 1180 210 1350 600 750 1350 1000 540 840 1150 70 1110 640 1260 1090 1270 490 1430 1450 680 720 950 1010 180 50 530 870 1210 800 1040
1790
20
220 240 1280 940 1540 860 80 170 360 1550 1240 670 840 1330 1510 720 1200 1070 1670 1000
1700
93
370 600 1260 1270 240 980 370 720 400 100 900 60 1330 240 980 1260 480 1470 300 740 950 230 640 270 1600 1370 1100 1030 620 280 960 1660 1310 880 1560 1010 1630 590 1540 350 810 1210 650 470 870 1450 860 1120 970 1130 1180 1400 670 50 940 1280 840 590 1500 1560 720 120 1510 390 1590 670 1380 390 1500 1390 860 850 560 1370 790 930 790 600 780 900 120 880 470 660 920 1410 1350 1360 1250 1460 1320 400 530
2460
20
440 1750 1260 2420 2440 320 1230 1290 250 370 1280 1900 760 2010 910 990 1170 1980 830 1510
1140
54
260 370 60 300 250 700 690 110 840 730 90 940 420 570 630 820 110 910 520 1130 650 1040 960 900 850 870 60 690 900 840 880 280 240 1130 430 770 560 540 370 70 70 930 310 370 570 980 1110 1130 1080 630 310 660 820 1010
760
32
460 450 70 610 390 470 260 320 720 340 580 290 210 610 670 580 690 690 450 60 620 240 520 530 170 360 650 300 260 660 210 370
1640
88
290 70 1550 910 790 810 1040 440 1170 1040 470 560 1400 60 990 590 1540 260 1300 1180 160 990 1420 1160 280 750 1130 1120 1400 850 910 210 280 900 510 350 190 390 710 180 670 510 570 820 660 1090 130 1240 140 500 1130 160 590 1620 1320 1360 1620 510 1480 1070 1210 190 850 230 950 440 120 1520 1470 520 1150 1380 70 1120 400 1480 770 160 880 1140 80 1250 780 200 1350 1110 920 1220
2000
25
1070 990 370 1330 1950 850 180 850 1310 1900 1170 430 1250 1980 90 1640 660 1140 1080 60 1790 1820 1090 260 740
600
18
570 460 490 580 250 240 410 300 450 100 230 190 560 590 380 180 390 570
1870
53
220 310 740 1600 1250 630 1690 780 1500 1640 1410 940 1240 1590 290 140 250 250 1440 740 920 830 100 390 1730 1670 1530 1540 1820 730 1100 940 460 950 1780 530 1260 1500 1860 1330 1210 140 180 160 210 1760 760 500 990 540 1210 440 80
2480
83
550 990 790 1930 1650 420 1590 420 1610 340 170 1850 1110 1180 2080 480 2260 1580 2420 1020 1050 510 1630 1460 2070 290 2280 980 2400 740 1400 1750 350 880 160 1260 1620 750 1420 1890 1390 360 1930 1510 2070 1470 1280 540 1290 1460 1730 1460 2260 2250 1890 1070 1040 1700 2340 1750 1490 380 1450 490 2050 2000 1350 140 660 1900 1500 450 1150 1170 740 1280 1720 960 1340 1740 1790 1310 1440
2260
92
330 1080 610 1390 1720 1160 230 2140 2170 1520 200 740 1140 1700 2030 1980 860 1640 1090 1610 1840 1680 1880 900 870 840 1230 1080 1100 270 2060 610 440 1740 2070 1570 1870 1920 1750 150 2030 1130 1530 270 1780 1210 1130 560 50 810 370 1410 2090 2050 700 950 540 890 1530 1960 150 1420 1770 740 750 940 2210 2070 1800 1200 1620 380 990 120 1150 990 2040 1650 610 2160 140 910 580 940 310 930 500 1710 800 950 580 1630
2470
56
1540 1120 2280 1110 780 1780 2310 1660 1700 1600 770 1000 950 2110 570 770 1420 1180 2450 650 820 2140 1780 830 2030 1950 1700 1730 1470 210 1110 2390 2210 2030 840 540 250 1530 2020 430 580 2370 1080 1150 2400 1450 220 410 2010 2240 910 1950 1530 910 2180 440
1170
66
580 1030 370 620 450 860 990 1140 880 300 100 780 530 790 860 250 620 240 790 950 420 460 1070 280 150 530 490 80 980 670 810 1140 820 350 90 530 820 600 1050 960 410 350 580 830 650 940 220 710 560 810 280 700 850 500 1090 1040 1070 330 1050 570 510 1130 90 630 340 300
1480
89
760 1040 660 900 1450 340 1260 550 90 520 880 690 90 610 1350 1340 1250 900 1180 1010 970 1420 570 1130 290 1040 1130 550 350 880 240 1180 750 1210 380 60 230 1160 570 600 690 490 550 1140 240 1010 850 1090 1270 220 1430 810 1240 640 950 620 1170 720 760 810 520 1010 1040 1450 430 1060 1380 400 950 760 1340 420 240 760 1160 580 430 1300 740 560 1370 780 120 560 390 890 380 1050 1430
2010
50
1810 110 320 1100 620 1870 1900 670 1190 400 380 480 1520 420 1520 1980 1380 1880 850 680 1130 390 1640 490 1320 580 1100 1320 890 670 1730 380 810 1240 580 1820 710 1110 480 150 1070 430 240 1880 60 1120 1960 1520 1070 120
1800
82
430 780 330 1150 500 700 90 710 1650 1000 1380 880 440 180 1490 1500 1600 690 910 1350 630 300 210 650 80 120 460 1290 300 1170 60 910 750 290 140 630 770 990 1650 1780 1140 960 410 270 280 420 410 500 1600 970 1720 1640 730 410 910 1390 400 1380 640 360 1250 1320 900 870 1270 600 610 1600 190 480 1540 1250 190 130 80 830 1030 390 270 1600 840 110
2380
10
50 940 1900 1900 970 1150 600 860 580 1950
300
11
170 170 60 130 180 50 60 160 260 220 130
1810
83
1620 270 1650 890 620 1340 1560 280 600 450 930 390 840 90 390 850 1540 1720 1320 140 1400 760 960 980 680 970 1180 1170 100 270 1280 1280 350 1440 1070 1260 1030 470 1510 810 210 1060 1080 880 410 1600 1690 1370 1720 1300 380 640 440 700 1210 1080 80 120 1630 260 1740 1060 1320 1260 200 100 210 230 1600 200 180 1430 1230 890 1700 350 730 560 830 1320 390 1660 700
2020
85
270 520 870 260 600 210 1610 1150 280 1490 1140 1300 1380 1040 480 560 150 1990 470 630 590 200 1790 1330 1460 440 770 120 750 340 870 850 320 1420 1520 1550 1800 980 990 1630 730 690 250 1990 840 150 1490 360 1310 1850 750 1240 1860 1130 1850 1590 1560 50 1640 290 900 1190 1500 1110 1590 330 520 1290 1370 160 230 470 1790 1890 1130 1080 410 1120 1770 1040 1800 1880 880 2010 230
2330
41
2200 1250 1600 940 1620 1480 140 560 1120 200 1330 720 2320 570 1380 1680 800 1390 2140 2040 810 50 1030 1040 130 1900 80 2100 1440 2000 330 1330 1270 130 1350 2030 1110 630 840 2090 960
1160
17
1050 920 840 1030 650 410 1050 1040 250 160 630 210 910 610 1110 360 1110
1730
69
990 1160 1650 410 1610 210 1340 1010 420 250 710 300 70 1140 890 1250 1270 1110 420 170 1470 1420 390 1310 730 110 350 1300 1380 80 1660 180 1180 1070 1230 590 870 970 270 780 770 800 380 630 540 1620 970 430 910 260 1710 1270 830 360 1620 1170 1440 610 1130 1540 180 560 1440 290 1460 870 320 1010 1150
490
27
180 380 170 390 400 330 310 250 100 360 330 440 90 140 280 90 190 140 350 350 340 440 470 210 360 110 380
2040
40
1000 130 180 280 1190 780 520 800 70 1130 1890 810 700 970 1140 430 620 1320 940 1620 750 580 240 990 1400 90 1240 1600 1340 220 920 700 1560 540 810 1160 2010 1110 1050 460
